sweep_var   energy_stuff_1   averages_1   standard_dev
0.5   0.10413537553   0.0714763435113
0.503333333333   0.103925021551   0.0720265814741
0.506666666667   0.103714564296   0.0725749211515
0.51   0.103504015116   0.0731213432328
0.513333333333   0.103293362546   0.0736658779478
0.516666666667   0.10308263509   0.0742084936148
0.52   0.102871838581   0.0747491891323
0.523333333333   0.102660975168   0.0752879709329
0.526666666667   0.102450050347   0.0758248357235
0.53   0.102239107168   0.0763597693456
0.533333333333   0.102028112666   0.0768927845777
0.536666666667   0.101817087424   0.0774238776467
0.54   0.101606044458   0.0779530449471
0.543333333333   0.101394993171   0.0784802914016
0.546666666667   0.101183939743   0.0790056125269
0.55   0.1009728886   0.0795290143281
0.553333333333   0.100761853458   0.0800504983568
0.556666666667   0.100550833494   0.0805700619978
0.56   0.100339847368   0.0810877147262
0.563333333333   0.100128893077   0.081603451239
0.566666666667   0.099917982058   0.0821172787357
0.57   0.099707122177   0.0826291982794
0.573333333333   0.0994963138211   0.0831392182873
0.576666666667   0.0992855773835   0.0836473368709
0.58   0.0990749071931   0.0841535630737
0.583333333333   0.098864315251   0.0846578960065
0.586666666667   0.0986538063621   0.0851603479055
0.59   0.0984433901709   0.0856609152571
0.593333333333   0.0982330700636   0.0861596112394
0.596666666667   0.0980228547305   0.086656437913
0.6   0.0978127481011   0.0871513980384
0.603333333333   0.0976027574082   0.0876445009022
0.606666666667   0.0973928907554   0.088135750649
0.61   0.0971831511335   0.0886251569387
0.613333333333   0.0969735437946   0.0891127184915
0.616666666667   0.09676407895   0.0895984515444
0.62   0.0965547598132   0.0900823543471
0.623333333333   0.0963455913668   0.0905644421575
0.626666666667   0.0961365782288   0.0910447140254
0.63   0.095927731757   0.0915231851233
0.633333333333   0.0957190507737   0.0919998523993
0.636666666667   0.0955105418512   0.0924747333069
0.64   0.0953022151274   0.0929478292018
0.643333333333   0.0950940701648   0.0934191531052
0.646666666667   0.0948861129052   0.0938887066127
0.65   0.0946783541008   0.0943565033387
0.653333333333   0.0944707918645   0.0948225460946
0.656666666667   0.0942634375406   0.0952868470328
0.66   0.0940562902201   0.095749412804
0.663333333333   0.0938493550983   0.0962102496151
0.666666666667   0.0936426427523   0.0966693694258
0.67   0.0934361508913   0.0971267780131
0.673333333333   0.0932298904014   0.0975824815587
0.676666666667   0.0930238607062   0.0980364962038
0.68   0.0928180712986   0.0984888251346
0.683333333333   0.0926125231731   0.0989394762727
0.686666666667   0.0924072230195   0.0993884592113
0.69   0.092202175579   0.0998357835247
0.693333333333   0.0919973798059   0.100281455165
0.696666666667   0.0917928461752   0.100725487993
0.7   0.0915885777181   0.101167885352
0.703333333333   0.0913845801533   0.101608661379
0.706666666667   0.091180854429   0.102047820197
0.71   0.0909774040738   0.102485372619
0.713333333333   0.0907742357909   0.102921326797
0.716666666667   0.0905713566481   0.103355692531
0.72   0.0903687629127   0.103788479328
0.723333333333   0.0901664675772   0.104219696367
0.726666666667   0.0899644645374   0.104649349003
0.73   0.0897627670468   0.105077444967
0.733333333333   0.0895613763918   0.105504004084
0.736666666667   0.0893602947349   0.10592902244
0.74   0.08915952274   0.106352515273
0.743333333333   0.0889590722491   0.106774492396
0.746666666667   0.0887589436598   0.107194959969
0.75   0.0885591408996   0.107613928292
0.753333333333   0.0883596644158   0.108031408428
0.756666666667   0.0881605212908   0.108447400421
0.76   0.0879617168667   0.108861921759
0.763333333333   0.0877632488547   0.109274977954
0.766666666667   0.0875651252397   0.109686582308
0.77   0.0873673519024   0.110096736921
0.773333333333   0.0871699302331   0.110505456772
0.776666666667   0.0869728630024   0.110912748419
0.78   0.086776149706   0.111318613189
0.783333333333   0.086579802579   0.111723071301
0.786666666667   0.0863838231036   0.112126133194
0.79   0.0861882064691   0.112527789203
0.793333333333   0.0859929662448   0.112928067519
0.796666666667   0.0857981016605   0.11332696656
0.8   0.0856036160514   0.113724498544
0.803333333333   0.0854095098311   0.114120668549
0.806666666667   0.085215794621   0.114515490353
0.81   0.0850224685734   0.1149089702
0.813333333333   0.0848295324706   0.1153011166
0.816666666667   0.0846369970644   0.115691936126
0.82   0.0844448609463   0.116081443189
0.823333333333   0.0842531249029   0.116469638545
0.826666666667   0.084061798702   0.116856534507
0.83   0.0838708792496   0.117242145143
0.833333333333   0.0836803765591   0.117626459384
0.836666666667   0.0834902888653   0.118009505285
0.84   0.0833006214524   0.118391286112
0.843333333333   0.0831113754191   0.118771807698
0.846666666667   0.0829225597247   0.119151079506
0.85   0.082734161412   0.119529117687
0.853333333333   0.0825462125789   0.119905904756
0.856666666667   0.0823586938017   0.120281473935
0.86   0.0821716124508   0.120655826314
0.863333333333   0.0819849701426   0.121028977136
0.866666666667   0.081798785077   0.121400910149
0.87   0.0816130400428   0.121771655471
0.873333333333   0.0814277473537   0.122141218253
0.876666666667   0.0812429151071   0.122509600525
0.88   0.0810585354345   0.122876814061
0.883333333333   0.0808746220667   0.123242865545
0.886666666667   0.0806911713417   0.123607761565
0.89   0.0805081870205   0.123971511222
0.893333333333   0.0803256739484   0.124334121322
0.896666666667   0.0801436372798   0.124695599989
0.9   0.0799620726249   0.125055961187
0.903333333333   0.0797809983995   0.125415193361
0.906666666667   0.0796004041277   0.125773323718
0.91   0.0794202904674   0.126130352296
0.913333333333   0.0792406731557   0.126486286266
0.916666666667   0.0790615471001   0.126841133062
0.92   0.0788829190728   0.127194904366
0.923333333333   0.0787047873927   0.127547601428
0.926666666667   0.0785271570616   0.127899235435
0.93   0.0783500340382   0.128249811988
0.933333333333   0.078173418341   0.128599337325
0.936666666667   0.0779973063024   0.128947825202
0.94   0.0778217278126   0.129295270836
0.943333333333   0.0776466594023   0.12964169129
0.946666666667   0.077472107524   0.129987089694
0.95   0.0772980788716   0.130331472886
0.953333333333   0.0771245777354   0.130674851389
0.956666666667   0.076951611429   0.131017230264
0.96   0.0767791738729   0.131358613279
0.963333333333   0.0766072735259   0.131699011564
0.966666666667   0.0764359123854   0.132038428972
0.97   0.0762650927376   0.132376874109
0.973333333333   0.0760948188831   0.132714353765
0.976666666667   0.075925094905   0.133050875079
0.98   0.0757559191818   0.133386443576
0.983333333333   0.0755872966313   0.133721069113
0.986666666667   0.0754191665004   0.134054793956
0.99   0.0752514165304   0.134387686678
0.993333333333   0.0750814456589   0.134721288125
0.996666666667   0.0749068919633   0.135056894395
1.0   0.0746186200515   0.135457802551
1.00333333333   0.0738904607262   0.136128297936
1.00666666667   0.0719623206948   0.137565636056
1.01   0.0682882216805   0.140251129764
1.01333333333   0.0640183944944   0.143844961181
1.01666666667   0.060448708322   0.147633485069
1.02   0.0575565137589   0.151290457912
1.02333333333   0.0550561084697   0.154980968618
1.02666666667   0.0531099976678   0.158532308419
1.03   0.0512798930936   0.162112443514
1.03333333333   0.0505547707857   0.165403669862
1.03666666667   0.0490009429404   0.169058338282
1.04   0.0489059627802   0.172024859113
1.04333333333   0.0483037465849   0.175439865832
1.04666666667   0.0473334789439   0.178547998026
1.05   0.0471210155834   0.181797451337
1.05333333333   0.04663451094   0.185187573222
1.05666666667   0.0466862038404   0.188270543658
1.06   0.0468534717058   0.191397722942
1.06333333333   0.0460585397032   0.194823869159
1.06666666667   0.0459674569476   0.197856900253
1.07   0.046315418787   0.200475851254
1.07333333333   0.0474657705058   0.203622810608
1.07666666667   0.0464305583432   0.207065972638
1.08   0.0474768636228   0.210051150285
1.08333333333   0.0473549300689   0.213043749406
1.08666666667   0.0476669794775   0.2159409502
1.09   0.0476634840622   0.219619697151
1.09333333333   0.0479462584969   0.222878373608
1.09666666667   0.0478102312511   0.225746823332
1.1   0.0485522701435   0.229082475378
1.10333333333   0.0487745449292   0.231806268378
1.10666666667   0.0500284612077   0.23401723131
1.11   0.0504948339464   0.237139321809
1.11333333333   0.0503470121799   0.240226420613
1.11666666667   0.0500977197066   0.243288112546
1.12   0.0512423009908   0.245437940955
1.12333333333   0.0504049362299   0.249361629734
1.12666666667   0.0509411017097   0.252674285623
1.13   0.0513715422534   0.255218625051
1.13333333333   0.0526498926271   0.258265007244
1.13666666667   0.0527627988042   0.260872978665
1.14   0.0537037659965   0.263523804599
1.14333333333   0.0533954492369   0.265427415451
1.14666666667   0.0546303234086   0.268216285287
1.15   0.0538178770721   0.270664095065
1.15333333333   0.0548164607946   0.275758322759
1.15666666667   0.0555753772075   0.276753483497
1.16   0.0554989460206   0.280239509402
1.16333333333   0.0556155530273   0.282408254268
1.16666666667   0.0561477555232   0.284370870692
1.17   0.0561300410054   0.288558118735
1.17333333333   0.0574058995828   0.288427108337
1.17666666667   0.0562763690503   0.291119174045
1.18   0.0579077683389   0.292843104516
1.18333333333   0.058468776309   0.466833754138
1.18666666667   0.0583735598874   0.299088047302
1.19   0.0584352504467   0.30072850828
1.19333333333   0.058333385424   0.303211850133
1.19666666667   0.0574944578841   0.304372938108
1.2   0.0587227425997   0.306695393569
1.20333333333   0.0586586572862   0.310571855643
1.20666666667   0.0600918457276   0.308798060067
1.21   0.0596490927757   0.315186657888
1.21333333333   0.059227965389   0.3145106308
1.21666666667   0.0584883916024   0.476724417824
1.22   0.0601353361377   0.317032109886
1.22333333333   0.0608470749949   0.319001173698
1.22666666667   0.0613636162108   0.32170059283
1.23   0.061583040515   0.32318579528
1.23333333333   0.0583835970078   0.481017646775
1.23666666667   0.0583551836771   0.481838535949
1.24   0.062933631752   0.327251794207
1.24333333333   0.0612124372162   0.331830776534
1.24666666667   0.0582565175853   0.484236365213
1.25   0.0631345194122   0.333958213241
1.25333333333   0.0625521864052   0.337292796954
1.25666666667   0.058139188207   0.486546966482
1.26   0.0580962348991   0.487299729453
1.26333333333   0.0639227043831   0.34104887258
1.26666666667   0.0580049151313   0.488781275044
1.27   0.0579566537238   0.489510707325
1.27333333333   0.0579067362948   0.490232977192
1.27666666667   0.057855203625   0.490948365267
1.28   0.0625955538172   0.360296179364
1.28333333333   0.0577474936726   0.492359564125
1.28666666667   0.0576914090311   0.493055861671
1.29   0.0576338924719   0.493746264207
1.29333333333   0.0575749883058   0.494430989516
1.29666666667   0.0575147363774   0.495110242996
1.3   0.0574531765304   0.495784219699
1.30333333333   0.0573903418705   0.496453105671
1.30666666667   0.057326276435   0.497117081426
1.31   0.0572610117746   0.497776313851
1.31333333333   0.0571945831612   0.498430971893
1.31666666667   0.0571270216738   0.499081207016
1.32   0.0570583677875   0.499727166418
1.32333333333   0.056988642058   0.500368999112
1.32666666667   0.0569178862568   0.501006837439
1.33   0.0568461209918   0.501640817635
1.33333333333   0.0567733797694   0.502271067057
1.33666666667   0.0566996920381   0.502897702137
1.34   0.0566250835994   0.503520846388
1.34333333333   0.0565495806835   0.50414061177
1.34666666667   0.0564732138738   0.504757103472
1.35   0.056396004024   0.505370432666
1.35333333333   0.0563179760657   0.505980698558
1.35666666667   0.0562391604125   0.506587994526
1.36   0.0561595749168   0.507192425114
1.36333333333   0.0560792442691   0.50779407482
1.36666666667   0.0559981945927   0.50839303865
1.37   0.0559164455314   0.50898939375
1.37333333333   0.0558340185076   0.509583230643
1.37666666667   0.0557509345522   0.510174625276
1.38   0.0556672208287   0.510763663831
1.38333333333   0.055582887901   0.511350414937
1.38666666667   0.0554979642314   0.511934955515
1.39   0.0554124644648   0.512517361008
1.39333333333   0.0553264111429   0.513097692966
1.39666666667   0.0552398219288   0.513676025747
1.4   0.0551527170155   0.514252424813
1.40333333333   0.0550651105564   0.514826953585
1.40666666667   0.0549770226732   0.515399675315
1.41   0.0548884735907   0.515970651424
1.41333333333   0.0547994764008   0.516539938045
1.41666666667   0.0547100509299   0.51710760228
1.42   0.0546202181149   0.517673690848
1.42333333333   0.0545299843692   0.51823826921
1.42666666667   0.0544393724537   0.518801384944
1.43   0.0543483955633   0.519363091414
1.43333333333   0.0542570728168   0.51992344381
1.43666666667   0.0541654157289   0.520482493834
1.44   0.0540734405931   0.521040286595
1.44333333333   0.0539811637634   0.521596874765
1.44666666667   0.0538886001714   0.522152303735
1.45   0.0537957600954   0.522706626712
1.45333333333   0.053702660621   0.523259878888
1.45666666667   0.0536093206882   0.523812115439
1.46   0.0535157455387   0.524363376333
1.46333333333   0.0534219563547   0.524913704244
1.46666666667   0.0533279595032   0.525463146635
1.47   0.0532337729804   0.526011738541
1.47333333333   0.053139409726   0.526559528415
1.47666666667   0.0530448813783   0.527106553657
1.48   0.0529501958693   0.527652856913
1.48333333333   0.052855378002   0.528198472871
1.48666666667   0.0527604307976   0.528743445014
1.49   0.0526653668414   0.529287811794
1.49333333333   0.0525702007678   0.529831606418
1.49666666667   0.0524749464211   0.530374866966
0.5   0.104135371675   0.0714763424503
0.503333333333   0.103925013117   0.0720265823679
0.506666666667   0.103714564818   0.0725749193034
0.51   0.103504015116   0.0731213432329
0.513333333333   0.103293361293   0.0736658793368
0.516666666667   0.103082635173   0.0742084944031
0.52   0.102871836172   0.0747491893097
0.523333333333   0.102660974016   0.0752879704467
0.526666666667   0.102450061928   0.0758248315478
0.53   0.102239107651   0.0763597648586
0.533333333333   0.102028108986   0.0768927857222
0.536666666667   0.101817090642   0.0774238761292
0.54   0.101606048268   0.077953041268
0.543333333333   0.101394993911   0.0784802891836
0.546666666667   0.101183938754   0.0790056128933
0.55   0.100972888349   0.0795290165308
0.553333333333   0.10076185075   0.0800504986266
0.556666666667   0.100550834815   0.0805700647176
0.56   0.100339846394   0.0810877113198
0.563333333333   0.100128892794   0.0816034512147
0.566666666667   0.0999179818466   0.0821172774298
0.57   0.0997071201746   0.0826291984623
0.573333333333   0.0994963138211   0.0831392182871
0.576666666667   0.0992855771729   0.0836473372378
0.58   0.0990749057319   0.0841535616521
0.583333333333   0.0988643121495   0.084657900486
0.586666666667   0.0986538034464   0.0851603423731
0.59   0.0984433933135   0.0856609180762
0.593333333333   0.0982330713353   0.0861596124641
0.596666666667   0.0980228549196   0.0866564373289
0.6   0.0978127489447   0.0871513966572
0.603333333333   0.0976027577754   0.0876444984779
0.606666666667   0.0973928907956   0.0881357476194
0.61   0.0971831498814   0.0886251489929
0.613333333333   0.0969735432194   0.0891127167517
0.616666666667   0.0967640793254   0.0895984495516
0.62   0.0965547591865   0.0900823552338
0.623333333333   0.0963455918047   0.0905644420215
0.626666666667   0.0961365809918   0.091044715514
0.63   0.095927730554   0.0915231836218
0.633333333333   0.0957190483955   0.0919998522699
0.636666666667   0.0955105401756   0.0924747329135
0.64   0.095302213433   0.0929478311626
0.643333333333   0.0950940720318   0.0934191555899
0.646666666667   0.0948861133992   0.093888709235
0.65   0.094678354264   0.0943565047466
0.653333333333   0.0944707949986   0.0948225487822
0.656666666667   0.0942634395195   0.0952868502328
0.66   0.094056287949   0.0957494100709
0.663333333333   0.0938493576012   0.0962102516637
0.666666666667   0.0936426419198   0.0966693678135
0.67   0.0934361510204   0.097126778356
0.673333333333   0.093229890076   0.0975824854441
0.676666666667   0.0930238604955   0.098036492607
0.68   0.0928180724837   0.0984888251618
0.683333333333   0.0926125238034   0.0989394764149
0.686666666667   0.0924072254549   0.0993884627408
0.69   0.0922021732757   0.0998357818819
0.693333333333   0.0919973782613   0.100281453069
0.696666666667   0.0917928465735   0.100725485626
0.7   0.091588577994   0.101167885217
0.703333333333   0.0913845807344   0.101608659904
0.706666666667   0.0911808527913   0.102047817584
0.71   0.0909774061406   0.102485374202
0.713333333333   0.0907742366959   0.102921326635
0.716666666667   0.0905713555725   0.103355692775
0.72   0.0903687663689   0.103788484213
0.723333333333   0.0901664655085   0.104219694996
0.726666666667   0.0899644634355   0.104649346318
0.73   0.0897627681144   0.105077446821
0.733333333333   0.0895613735412   0.10550400212
0.736666666667   0.0893602923176   0.10592902322
0.74   nan   0.0
0.743333333333   0.0889590738199   0.106774493773
0.746666666667   0.0887589444767   0.107194959442
0.75   0.0885591414426   0.10761392854
0.753333333333   0.0883596655752   0.108031406323
0.756666666667   0.0881605204537   0.108447399585
0.76   0.08796171747   0.10886192289
0.763333333333   0.0877632518607   0.109274979023
0.766666666667   0.087565126714   0.109686583076
0.77   0.0873673536321   0.110096737823
0.773333333333   0.0871699322814   0.110505459548
0.776666666667   0.0869728606641   0.110912746406
0.78   0.0867761514735   0.111318615685
0.783333333333   0.0865798047234   0.111723074652
0.786666666667   0.0863838203822   0.112126128049
0.79   0.0861882081243   0.112527791536
0.793333333333   0.0859929649793   0.112928063953
0.796666666667   0.0857980995118   0.113326965331
0.8   0.085603613928   0.11372449829
0.803333333333   0.0854095111746   0.114120669784
0.806666666667   0.0852157994067   0.114515506884
0.81   0.0850224674018   0.114908970847
0.813333333333   0.08482953539   0.115301116031
0.816666666667   0.0846369941378   0.115691935964
0.82   0.0844448585406   0.11608144103
0.823333333333   0.084253124903   0.116469638545
0.826666666667   0.0840617967005   0.116856533917
0.83   0.0838708801624   0.117242139042
0.833333333333   0.0836803766255   0.117626462014
0.836666666667   0.0834902886459   0.118009506573
0.84   0.0833006221562   0.118391286019
0.843333333333   0.08311137466   0.118771807135
0.846666666667   0.0829225588906   0.119151079315
0.85   nan   0.0
0.853333333333   0.0825462111448   0.119905901684
0.856666666667   0.0823586944382   0.120281473696
0.86   0.0821716134627   0.120655826897
0.863333333333   0.0819849775815   0.121028968213
0.866666666667   0.0817987844405   0.121400909533
0.87   0.08161304077   0.121771659338
0.873333333333   0.0814277477054   0.122141217341
0.876666666667   0.0812429150012   0.122509601461
0.88   0.0810585385577   0.122876814836
0.883333333333   0.0808746224453   0.123242865595
0.886666666667   0.0806911696592   0.123607760904
0.89   0.0805081843621   0.123971509766
0.893333333333   0.0803256751003   0.124334120201
0.896666666667   0.0801436357695   0.124695599438
0.9   0.0799620788107   0.125055954659
0.903333333333   0.079780999135   0.125415192453
0.906666666667   0.0796004022848   0.125773319715
0.91   0.0794202947962   0.126130351901
0.913333333333   0.0792406770142   0.126486286502
0.916666666667   0.0790615472398   0.126841135583
0.92   0.0788829189714   0.127194903861
0.923333333333   0.0787047879734   0.127547601707
0.926666666667   0.0785271567112   0.127899234228
0.93   0.0783500342912   0.128249810501
0.933333333333   0.078173418644   0.128599336826
0.936666666667   0.0779973148021   0.128947821473
0.94   0.077821728037   0.129295270514
0.943333333333   0.0776466559084   0.129641690734
0.946666666667   0.0774721065938   0.12998709141
0.95   0.0772980677635   0.130331476015
0.953333333333   0.0771245791304   0.130674852898
0.956666666667   0.0769516113845   0.131017230051
0.96   0.0767791760426   0.131358614225
0.963333333333   0.0766072713464   0.131699010303
0.966666666667   0.0764359123233   0.132038428347
0.97   0.076265094179   0.132376875647
0.973333333333   0.0760948180221   0.132714353426
0.976666666667   0.075925095722   0.13305087603
0.98   0.0757559178053   0.133386443764
0.983333333333   0.0755872918302   0.133721069293
0.986666666667   0.0754191928916   0.134054776628
0.99   0.0752511939895   0.134387811693
0.993333333333   0.0750811681625   0.134721388129
0.996666666667   0.0749005991252   0.135060723557
1.0   0.0746110634588   0.135462602764
1.00333333333   0.0738784327555   0.136126683516
1.00666666667   0.0719509439314   0.137562638099
1.01   0.0683414267006   0.140253637798
1.01333333333   0.0642307754472   0.143840476913
1.01666666667   0.0605838466779   0.147599025258
1.02   0.057294944274   0.151358928956
1.02333333333   0.0550647340308   0.154976852862
1.02666666667   0.0530295929093   0.158574927041
1.03   0.0516737024951   0.161986959727
1.03333333333   0.0505328991071   0.165370199238
1.03666666667   0.0488600475277   0.169045007201
1.04   0.0480027912711   0.17220785584
1.04333333333   0.0479041224211   0.175675237891
1.04666666667   0.0469706331265   0.178918020546
1.05   0.0470450247589   0.182097095624
1.05333333333   0.0466638776198   0.18521115871
1.05666666667   0.0465712192641   0.188364550495
1.06   0.0465848063787   0.191286189619
1.06333333333   0.0469820758806   0.194351117102
1.06666666667   0.047192576217   0.197512227129
1.07   0.0471987180046   0.20100751554
1.07333333333   0.0472518127689   0.203415039548
1.07666666667   0.0473592609679   0.206569605385
1.08   0.0473497983322   0.209769122244
1.08333333333   0.0474961008545   0.213055828279
1.08666666667   0.0477299413375   0.216313925076
1.09   0.0483265275159   0.219377595213
1.09333333333   0.0475069659073   0.222556668389
1.09666666667   0.0480607777756   0.225995422968
1.1   0.0489806916789   0.227494243341
1.10333333333   0.0489765179461   0.230724686536
1.10666666667   0.0494883496292   0.233978232332
1.11   0.0501969757033   0.237649193493
1.11333333333   0.0512760696277   0.24025349844
1.11666666667   0.0511758499463   0.243436788925
1.12   0.0498879705366   0.24645365014
1.12333333333   0.0520162038561   0.248604513616
1.12666666667   0.0518414760364   0.253229178833
1.13   0.0518449119211   0.25435422487
1.13333333333   0.0527020189209   0.257661154573
1.13666666667   0.0527287140569   0.260824732899
1.14   0.0531915228571   0.264319286395
1.14333333333   0.0539027674728   0.267383080032
1.14666666667   0.0538930335458   0.270668145782
1.15   0.0541856893705   0.270452854072
1.15333333333   0.054749922572   0.275976439508
1.15666666667   0.0543090083489   0.276952409737
1.16   0.0551513761678   0.279297564421
1.16333333333   0.0556243759344   0.28234850621
1.16666666667   0.0556903558486   0.284877033494
1.17   0.0569223260341   0.286712333438
1.17333333333   0.0558808420804   0.290278131938
1.17666666667   0.0573509652534   0.289945353081
1.18   0.0562845269869   0.294645669146
1.18333333333   0.0565945601294   0.295922557959
1.18666666667   0.0584873235509   0.467927884441
1.19   0.0579983047365   0.30144371327
1.19333333333   0.0583750856887   0.303172004844
1.19666666667   0.0579286885613   0.3047489969
1.2   0.0583465725643   0.307818474084
1.20333333333   0.0591531861929   0.307513790146
1.20666666667   0.0603970612024   0.30947314222
1.21   0.0585111580228   0.474905288199
1.21333333333   0.0585012464673   0.475822974142
1.21666666667   0.059642774942   0.315856019348
1.22   0.0613073684198   0.317521764911
1.22333333333   0.0613499106755   0.319296228228
1.22666666667   0.0610851286289   0.321505176189
1.23   0.0618886492571   0.323512733406
1.23333333333   0.0610593621592   0.326601247127
1.23666666667   0.0624628005407   0.32818466711
1.24   0.0623157233382   0.325840258025
1.24333333333   0.062457553935   0.327160383493
1.24666666667   0.0613657107107   0.33162379054
1.25   0.0582193910922   0.485015674454
1.25333333333   0.0581802617873   0.485785740139
1.25666666667   0.0581391865063   0.486546968427
1.26   0.058096235493   0.487299731227
1.26333333333   0.058051456395   0.488044391523
1.26666666667   0.062219115061   0.346722098434
1.27   0.0579566553411   0.489510705323
1.27333333333   0.0579067371784   0.490232973792
1.27666666667   0.0578552046372   0.490948366719
1.28   0.0640959159451   0.352219918849
1.28333333333   0.0577474947552   0.492359564637
1.28666666667   0.0576914093219   0.493055859833
1.29   0.057633892272   0.493746267072
1.29333333333   0.0575749881958   0.494430991173
1.29666666667   0.0575147363304   0.49511024192
1.3   0.0574531744077   0.495784220898
1.30333333333   0.0573903435667   0.496453104444
1.30666666667   0.0573262773392   0.49711708084
1.31   0.0572610114547   0.49777631755
1.31333333333   0.0571945814384   0.498430972912
1.31666666667   0.057127024945   0.499081203863
1.32   0.0570583678874   0.499727167266
1.32333333333   0.056988643834   0.50036900002
1.32666666667   0.0569178840426   0.501006837865
1.33   0.0568461215082   0.501640817285
1.33333333333   0.0567733803625   0.502271065909
1.33666666667   0.0566996902883   0.502897704003
1.34   0.056625082458   0.503520846856
1.34333333333   0.0565495827492   0.504140606236
1.34666666667   0.0564732128486   0.504757104399
1.35   0.0563960038503   0.505370431611
1.35333333333   0.0563179796865   0.505980697308
1.35666666667   0.0562391585346   0.506587997127
1.36   0.0561595754251   0.507192425512
1.36333333333   0.0560792436013   0.507794075743
1.36666666667   0.0559981936963   0.508393036002
1.37   0.0559164437173   0.508989392325
1.37333333333   0.0558340192482   0.509583228666
1.37666666667   0.0557509360082   0.510174626798
1.38   0.0556672198846   0.510763662533
1.38333333333   0.0555828885502   0.511350416436
1.38666666667   0.0554979646502   0.51193495656
1.39   0.0554124668438   0.512517360113
1.39333333333   0.0553264117579   0.513097693946
1.39666666667   0.0552398231618   0.513676025418
1.4   0.0551527161585   0.514252424289
1.40333333333   0.0550651107351   0.514826952845
1.40666666667   0.0549770232044   0.515399674817
1.41   0.0548884733789   0.515970649018
1.41333333333   0.0547994775649   0.516539939991
1.41666666667   0.0547100525887   0.517107600854
1.42   0.054620216959   0.517673692548
1.42333333333   0.0545299852362   0.518238269814
1.42666666667   0.0544393711019   0.518801381084
1.43   0.0543483964629   0.51936309242
1.43333333333   0.0542570715706   0.519923443053
1.43666666667   0.0541654141267   0.520482492806
1.44   0.0540734414127   0.521040286059
1.44333333333   0.0539811664705   0.521596871962
1.44666666667   0.0538885978543   0.522152306602
1.45   0.0537957606817   0.522706625001
1.45333333333   0.0537026632708   0.523259880776
1.45666666667   0.0536093206283   0.523812115017
1.46   0.0535157469536   0.524363376461
1.46333333333   0.0534219536989   0.52491370486
1.46666666667   0.0533279591393   0.525463145745
1.47   0.0532337736816   0.526011738211
1.47333333333   0.05313940659   0.526559531839
1.47666666667   0.0530448809108   0.527106553745
1.48   0.0529501978156   0.527652856338
1.48333333333   0.0528553769995   0.528198471821
1.48666666667   0.0527604300513   0.528743445312
1.49   0.052665365904   0.529287809119
1.49333333333   0.0525702009452   0.529831603834
1.49666666667   0.0524749455817   0.530374868819
0.5   0.104135371295   0.0714763446111
0.503333333333   0.103925020184   0.0720265841662
0.506666666667   0.103714563643   0.0725749203077
0.51   0.103504015115   0.0731213432331
0.513333333333   0.103293363103   0.0736658759424
0.516666666667   0.103082635086   0.0742084907932
0.52   0.102871838578   0.0747491887584
0.523333333333   0.102660978564   0.0752879696384
0.526666666667   0.102450061149   0.0758248320786
0.53   0.102239107435   0.0763597672703
0.533333333333   0.102028112327   0.0768927804355
0.536666666667   0.101817088214   0.0774238770002
0.54   0.101606048519   0.0779530438382
0.543333333333   0.101394993971   0.0784802881023
0.546666666667   0.101183937676   0.0790056155024
0.55   0.100972888976   0.0795290151017
0.553333333333   0.100761849775   0.0800504932088
0.556666666667   0.10055083489   0.0805700637456
0.56   0.100339847614   0.081087713442
0.563333333333   0.100128891812   0.0816034470646
0.566666666667   0.0999179823903   0.0821172791482
0.57   0.0997071228638   0.0826292005086
0.573333333333   0.0994963138211   0.0831392182871
0.576666666667   0.0992855780729   0.0836473363974
0.58   0.0990749086727   0.0841535623391
0.583333333333   0.0988643135709   0.0846578964832
0.586666666667   0.0986538034468   0.0851603423732
0.59   0.0984433899252   0.0856609178109
0.593333333333   0.0982330707457   0.0861596164864
0.596666666667   0.0980228548146   0.086656435668
0.6   0.0978127458371   0.087151397797
0.603333333333   0.0976027577663   0.0876445001288
0.606666666667   0.0973928925258   0.0881357492199
0.61   0.0971831505506   0.0886251528734
0.613333333333   0.0969735442028   0.0891127205575
0.616666666667   0.0967640804459   0.089598450081
0.62   0.0965547556793   0.0900823594065
0.623333333333   0.0963455901352   0.0905644394495
0.626666666667   0.0961365785392   0.0910447161292
0.63   0.0959277288042   0.0915231874083
0.633333333333   0.0957190501536   0.0919998515857
0.636666666667   0.0955105425511   0.0924747347907
0.64   0.0953022126796   0.0929478327349
0.643333333333   0.0950940681468   0.0934191529746
0.646666666667   0.0948861138176   0.0938887063519
0.65   0.0946783570318   0.094356504291
0.653333333333   0.0944707956276   0.0948225470204
0.656666666667   0.0942634387585   0.0952868478749
0.66   0.094056291194   0.0957494132764
0.663333333333   0.093849356831   0.0962102491425
0.666666666667   0.0936426411454   0.0966693701764
0.67   0.0934361494029   0.0971267791452
0.673333333333   0.0932298914241   0.0975824840715
0.676666666667   0.0930238595432   0.0980364943562
0.68   0.0928180716594   0.0984888242656
0.683333333333   0.092612522953   0.0989394733219
0.686666666667   0.0924072220248   0.0993884595214
0.69   0.092202174999   0.0998357820039
0.693333333333   0.0919973807014   0.1002814552
0.696666666667   0.0917928476286   0.100725485896
0.7   0.0915885786434   0.101167887379
0.703333333333   0.0913845769825   0.101608658698
0.706666666667   0.0911808525741   0.102047819876
0.71   0.0909774042059   0.102485372806
0.713333333333   0.0907742343484   0.102921326873
0.716666666667   0.0905713579025   0.103355697319
0.72   0.0903687626604   0.103788477928
0.723333333333   0.0901664655355   0.104219694402
0.726666666667   0.0899644666087   0.104649346609
0.73   0.0897627686895   0.105077445596
0.733333333333   0.0895613721858   0.105504002192
0.736666666667   0.0893602915527   0.105929020828
0.74   0.0891595270218   0.106352521621
0.743333333333   0.0889590728202   0.106774492905
0.746666666667   0.0887589432178   0.107194960107
0.75   0.0885591387421   0.107613926505
0.753333333333   0.0883596633686   0.108031402969
0.756666666667   0.088160522587   0.10844739932
0.76   0.0879617087252   0.108861918921
0.763333333333   0.0877632516026   0.109274979134
0.766666666667   0.0875651296977   0.109686585537
0.77   0.0873673522   0.110096737218
0.773333333333   0.0871699311549   0.110505456675
0.776666666667   0.0869728622197   0.110912745357
0.78   0.086776151903   0.111318615311
0.783333333333   0.0865798033415   0.111723074314
0.786666666667   0.0863838212498   0.112126130929
0.79   0.0861882053658   0.1125277899
0.793333333333   0.0859929647584   0.112928078731
0.796666666667   0.0857981026497   0.113326968019
0.8   0.0856036160513   0.113724498825
0.803333333333   0.0854095112698   0.114120669983
0.806666666667   0.0852157930179   0.114515491051
0.81   0.0850224672096   0.114908970994
0.813333333333   0.0848295354449   0.115301118112
0.816666666667   0.0846369964285   0.11569193697
0.82   0.0844448557801   0.11608144141
0.823333333333   0.0842531260657   0.116469639006
0.826666666667   0.0840617996755   0.116856538029
0.83   0.0838708797727   0.11724213913
0.833333333333   0.0836803755935   0.117626460081
0.836666666667   0.0834902887207   0.118009506774
0.84   0.0833006215135   0.118391286531
0.843333333333   0.083111375967   0.118771807736
0.846666666667   0.0829225580553   0.119151079871
0.85   0.0827341685356   0.119529108699
0.853333333333   0.0825462113837   0.119905903102
0.856666666667   0.0823586916761   0.12028147358
0.86   0.0821716149065   0.120655827282
0.863333333333   0.0819849744953   0.121028969267
0.866666666667   0.0817987845091   0.121400910632
0.87   0.0816130404486   0.121771657503
0.873333333333   0.0814277467359   0.122141217173
0.876666666667   0.0812429168499   0.122509601614
0.88   0.0810585342204   0.12287681247
0.883333333333   0.0808746208399   0.123242865371
0.886666666667   0.0806911705562   0.123607760905
0.89   0.0805081858363   0.123971509626
0.893333333333   0.0803256774541   0.124334121817
0.896666666667   0.0801436360567   0.124695598583
0.9   0.0799620800984   0.125055955716
0.903333333333   0.079780997101   0.125415192919
0.906666666667   0.0796004048084   0.125773322187
0.91   0.0794202925703   0.126130349745
0.913333333333   0.0792406739523   0.126486285959
0.916666666667   0.0790615470269   0.126841135554
0.92   0.0788829166176   0.127194903141
0.923333333333   0.0787047879822   0.127547602081
0.926666666667   0.0785271548083   0.127899234487
0.93   0.0783500353257   0.128249810953
0.933333333333   0.0781734220251   0.128599339043
0.936666666667   0.0779973158389   0.12894782121
0.94   0.0778217272116   0.129295271406
0.943333333333   0.0776466576483   0.129641690917
0.946666666667   0.0774721058727   0.129987089259
0.95   0.0772980781738   0.130331474273
0.953333333333   0.0771245800115   0.130674852182
0.956666666667   0.0769516111732   0.131017229598
0.96   0.0767791735684   0.131358613282
0.963333333333   0.0766072731197   0.131699010801
0.966666666667   0.0764359111246   0.132038428719
0.97   0.0762650931546   0.132376875526
0.973333333333   0.0760948219829   0.132714354969
0.976666666667   0.0759250920172   0.133050873752
0.98   0.07575591861   0.133386442386
0.983333333333   0.0755872952462   0.133721068599
0.986666666667   0.0754191558933   0.134054797744
0.99   0.0752511258076   0.134387853731
0.993333333333   0.0750814602739   0.134721250324
0.996666666667   0.0748925417679   0.135065125703
1.0   0.0746389976726   0.13544697231
1.00333333333   0.0738982740842   0.136120625248
1.00666666667   0.0719625144654   0.137545342938
1.01   0.0682712735057   0.14028748145
1.01333333333   0.0642713860547   0.143819274224
1.01666666667   0.0606073807179   0.147550268561
1.02   0.0573125506566   0.151342954619
1.02333333333   0.0550030997056   0.154968951281
1.02666666667   0.0530952301082   0.158549640738
1.03   0.0516571878893   0.161979196199
1.03333333333   0.0503706855982   0.165547630001
1.03666666667   0.0488432908512   0.169039355606
1.04   0.0479862478347   0.172227804328
1.04333333333   0.04735879429   0.175658880704
1.04666666667   0.0476053084189   0.178838386399
1.05   0.0469508895394   0.181827082289
1.05333333333   0.0466349537962   0.185184673583
1.05666666667   0.0466247398115   0.188365580423
1.06   0.0462866466661   0.191471738458
1.06333333333   0.0468259005021   0.194764586107
1.06666666667   0.0462165946581   0.198115229343
1.07   0.0460620022011   0.201089061578
1.07333333333   0.0468088294141   0.204334912715
1.07666666667   0.0466330245294   0.207317929122
1.08   0.0470128483514   0.209809819045
1.08333333333   0.0474826891033   0.213085501346
1.08666666667   0.0478655342692   0.216074828085
1.09   0.0480913374765   0.218748702951
1.09333333333   0.0482820306176   0.221595651633
1.09666666667   0.0477939097649   0.225072832988
1.1   0.0496412283329   0.227868969426
1.10333333333   0.0489471175442   0.230760512453
1.10666666667   0.0495177723698   0.234616019027
1.11   0.0508311648114   0.237389937919
1.11333333333   0.0502849710279   0.240242779436
1.11666666667   0.0512018822321   0.243125327945
1.12   0.0506823608133   0.245344016432
1.12333333333   0.051780325933   0.248232536129
1.12666666667   0.0522535999507   0.252599467837
1.13   0.0515840734432   0.255721715117
1.13333333333   0.0525294398391   0.258334566144
1.13666666667   0.0527853658521   0.260984562918
1.14   0.0533127314578   0.264274724255
1.14333333333   0.0528341935694   0.267189376166
1.14666666667   0.0536309296016   0.267996059345
1.15   0.0547406423925   0.273083604718
1.15333333333   0.0538602741369   0.275238269411
1.15666666667   0.0556041431004   0.276439231235
1.16   0.0554807880251   0.280251875674
1.16333333333   0.0582580663034   0.459522839574
1.16666666667   0.0583063478593   0.460848168611
1.17   0.055852734767   0.286991281986
1.17333333333   0.0574278749179   0.289628986872
1.17666666667   0.0575377073952   0.293387953482
1.18   0.0584459005823   0.465709274888
1.18333333333   0.0580405705236   0.297474806435
1.18666666667   0.0587097323111   0.297535577826
1.19   0.0585017422938   0.468994026496
1.19333333333   0.0583432879877   0.303213440339
1.19666666667   0.0580517066986   0.304308401472
1.2   0.0582736803677   0.307802511248
1.20333333333   nan   0.0
1.20666666667   0.059944244884   0.308453173532
1.21   0.0598885779731   0.309885622831
1.21333333333   0.0593020695128   0.316411169172
1.21666666667   0.0610603750258   0.313712722158
1.22   0.0584727032455   0.477610536462
1.22333333333   0.0615504512906   0.318853166359
1.22666666667   0.0584332307302   0.479340101859
1.23   0.0615875462436   0.324275349513
1.23333333333   0.0620087842854   0.326096370617
1.23666666667   0.0583551844352   0.481838534139
1.24   0.0612372390874   0.328409909279
1.24333333333   0.0615643990719   0.333372095786
1.24666666667   0.0582565171034   0.484236365642
1.25   0.0620744079484   0.335279030091
1.25333333333   0.0628343800131   0.336660609104
1.25666666667   0.061720248585   0.338073820176
1.26   0.0580962351538   0.487299730627
1.26333333333   0.0580514571416   0.48804438908
1.26666666667   0.0580049132612   0.488781276758
1.27   0.0644167925991   0.34429321681
1.27333333333   0.0637362456726   0.349507575372
1.27666666667   0.0578552029714   0.490948366987
1.28   0.0578021080308   0.491657146655
1.28333333333   0.06168361123   0.363860039644
1.28666666667   0.0576914087416   0.493055860532
1.29   0.0576338934755   0.493746264364
1.29333333333   0.0575749874605   0.494430989366
1.29666666667   0.0575147360172   0.495110240939
1.3   0.057453176701   0.495784216371
1.30333333333   0.057390343172   0.49645310474
1.30666666667   0.0573262753905   0.497117084615
1.31   0.0572610138909   0.497776313936
1.31333333333   0.0571945849636   0.498430970192
1.31666666667   0.05712702493   0.499081204392
1.32   0.0570583674331   0.499727165938
1.32333333333   0.0569886432248   0.500368998069
1.32666666667   nan   0.0
1.33   0.0568461190278   0.501640819844
1.33333333333   0.0567733812138   0.502271065426
1.33666666667   0.0566996927156   0.502897702001
1.34   0.0566250828833   0.503520844313
1.34333333333   0.0565495806289   0.504140614093
1.34666666667   0.0564732108408   0.504757106638
1.35   0.0563960025396   0.505370432343
1.35333333333   0.0563179773827   0.505980697178
1.35666666667   0.0562391570573   0.506587998972
1.36   0.0561595746158   0.507192425812
1.36333333333   0.0560792447792   0.507794076502
1.36666666667   0.0559981942343   0.508393035457
1.37   0.0559164436931   0.508989392424
1.37333333333   0.0558340183361   0.509583229363
1.37666666667   0.0557509359025   0.510174626902
1.38   0.0556672211945   0.510763664099
1.38333333333   0.055582888242   0.511350416585
1.38666666667   0.0554979639056   0.511934956749
1.39   0.055412466512   0.512517359272
1.39333333333   0.0553264121901   0.513097692174
1.39666666667   0.0552398233088   0.513676025549
1.4   0.0551527131257   0.51425242447
1.40333333333   0.0550651108983   0.514826953551
1.40666666667   0.0549770220979   0.515399676486
1.41   0.0548884739971   0.515970649605
1.41333333333   0.0547994769747   0.51653993933
1.41666666667   0.0547100521206   0.517107602301
1.42   0.0546202155795   0.517673692984
1.42333333333   0.0545299833546   0.518238268374
1.42666666667   0.0544393728233   0.518801383579
1.43   0.0543483951717   0.519363093396
1.43333333333   0.0542570713598   0.519923444524
1.43666666667   0.0541654150294   0.520482491785
1.44   0.0540734412041   0.521040286329
1.44333333333   0.0539811651315   0.521596872941
1.44666666667   0.0538885994425   0.522152303164
1.45   0.0537957613895   0.522706626698
1.45333333333   0.0537026619326   0.523259878243
1.45666666667   0.0536093219571   0.523812115619
1.46   0.0535157470249   0.524363374363
1.46333333333   0.0534219549581   0.524913704576
1.46666666667   0.0533279592644   0.525463146362
1.47   0.0532337728538   0.526011738161
1.47333333333   0.0531394067297   0.526559529837
1.47666666667   0.0530448806886   0.527106553897
1.48   0.0529501996772   0.527652854664
1.48333333333   0.0528553782957   0.528198472506
1.48666666667   0.052760430912   0.528743444465
1.49   0.0526653677675   0.529287809692
1.49333333333   0.0525702015316   0.529831604626
1.49666666667   0.05247494536   0.530374869074
0.5   0.104135370911   0.071476343503
0.503333333333   0.10392502272   0.0720265828393
0.506666666667   0.103714565197   0.0725749206129
0.51   0.103504015122   0.073121343236
0.513333333333   0.10329336068   0.073665878827
0.516666666667   0.103082634278   0.0742084924299
0.52   0.102871836893   0.0747491938705
0.523333333333   0.10266097512   0.0752879704102
0.526666666667   0.102450060658   0.075824832001
0.53   0.102239105289   0.0763597682427
0.533333333333   0.102028126648   0.0768927984027
0.536666666667   0.101817089988   0.0774238753417
0.54   0.101606045684   0.0779530400879
0.543333333333   0.101394994198   0.0784802910846
0.546666666667   0.101183937585   0.0790056137345
0.55   0.100972887638   0.0795290152402
0.553333333333   0.10076185146   0.0800504974874
0.556666666667   0.100550835535   0.0805700633006
0.56   0.100339846789   0.0810877123346
0.563333333333   0.100128893102   0.0816034496234
0.566666666667   0.0999179821212   0.0821172782374
0.57   0.0997071207647   0.0826291999394
0.573333333333   0.0994963138211   0.0831392182871
0.576666666667   0.0992855771037   0.0836473371749
0.58   0.0990749070625   0.0841535624718
0.583333333333   0.0988643143872   0.0846578957526
0.586666666667   0.0986538034465   0.0851603423728
0.59   0.0984433911086   0.0856609166
0.593333333333   0.0982330694799   0.0861596122233
0.596666666667   0.0980228572418   0.0866564394416
0.6   0.0978127486087   0.0871514006301
0.603333333333   0.0976027586593   0.0876444993116
0.606666666667   0.0973928901266   0.0881357499113
0.61   0.0971831508815   0.0886251524033
0.613333333333   0.0969735453002   0.0891127208352
0.616666666667   0.0967640781055   0.0895984477964
0.62   0.0965547588863   0.0900823560483
0.623333333333   0.0963455914392   0.0905644425949
0.626666666667   0.0961365794799   0.091044717342
0.63   0.0959277315854   0.0915231823673
0.633333333333   0.0957190494299   0.091999855644
0.636666666667   0.0955105410391   0.0924747355872
0.64   0.0953022125159   0.0929478329433
0.643333333333   0.0950940724785   0.0934191558151
0.646666666667   0.0948861146586   0.093888708168
0.65   0.0946783554427   0.0943565033189
0.653333333333   0.0944707938851   0.0948225464263
0.656666666667   0.0942634393004   0.0952868474438
0.66   0.0940562897949   0.0957494105248
0.663333333333   0.0938493570417   0.0962102525997
0.666666666667   0.0936426426116   0.0966693699893
0.67   0.0934361493042   0.0971267771497
0.673333333333   0.0932298898812   0.0975824833268
0.676666666667   0.0930238638487   0.0980364957956
0.68   0.0928180700023   0.0984888242432
0.683333333333   0.0926125216316   0.0989394747438
0.686666666667   0.0924072234215   0.0993884608832
0.69   0.0922021761463   0.0998357844643
0.693333333333   0.0919973794854   0.100281453775
0.696666666667   0.0917928497061   0.100725489686
0.7   0.0915885798552   0.101167885194
0.703333333333   0.0913845793829   0.101608661214
0.706666666667   0.0911808524442   0.102047818456
0.71   0.0909774039111   0.102485372883
0.713333333333   0.0907742369199   0.102921326299
0.716666666667   0.0905713553294   0.103355691619
0.72   0.0903687623665   0.103788479148
0.723333333333   0.0901664678303   0.10421970041
0.726666666667   0.0899644655148   0.104649348373
0.73   0.0897627673083   0.105077446506
0.733333333333   0.089561374407   0.105504001981
0.736666666667   0.0893602931651   0.105929022178
0.74   0.0891595270417   0.106352522348
0.743333333333   0.0889590723566   0.106774491628
0.746666666667   0.0887589452166   0.107194960601
0.75   0.0885591396656   0.107613928602
0.753333333333   0.0883596676653   0.108031410119
0.756666666667   0.0881605215168   0.108447400061
0.76   0.0879617030693   0.108861916567
0.763333333333   0.087763248288   0.109274977647
0.766666666667   0.087565125947   0.109686582835
0.77   0.0873673533702   0.110096738745
0.773333333333   0.0871699299109   0.110505457147
0.776666666667   0.0869728622388   0.110912745267
0.78   0.0867761523249   0.111318615575
0.783333333333   0.0865798042626   0.111723074854
0.786666666667   0.086383819063   0.112126129422
0.79   0.086188206778   0.112527789801
0.793333333333   0.0859929639493   0.112928064653
0.796666666667   0.0857980975402   0.113326965274
0.8   0.0856036140383   0.113724498199
0.803333333333   0.0854095136576   0.114120670729
0.806666666667   0.0852157944507   0.114515489076
0.81   0.0850224699542   0.114908971536
0.813333333333   0.084829531065   0.115301115229
0.816666666667   0.0846369987817   0.115691937781
0.82   0.0844448569656   0.116081440868
0.823333333333   0.0842531249025   0.116469638545
0.826666666667   0.0840617982338   0.116856534962
0.83   0.0838708814236   0.117242138199
0.833333333333   0.0836803758933   0.117626461522
0.836666666667   0.0834902923333   0.118009510767
0.84   0.0833006207831   0.118391285533
0.843333333333   0.0831113772167   0.118771807813
0.846666666667   0.0829225591937   0.119151080611
0.85   0.0827341688229   0.119529110084
0.853333333333   0.0825462117504   0.119905903292
0.856666666667   0.0823586942465   0.120281475229
0.86   0.0821716125383   0.120655826568
0.863333333333   nan   0.0
0.866666666667   0.0817987857577   0.121400907906
0.87   0.0816130396529   0.121771655758
0.873333333333   0.0814277504811   0.122141216531
0.876666666667   0.0812429139675   0.122509601548
0.88   0.0810585371707   0.122876815064
0.883333333333   0.0808746204577   0.123242864914
0.886666666667   0.0806911674566   0.123607760611
0.89   0.0805081880064   0.123971511626
0.893333333333   0.0803256759796   0.124334120128
0.896666666667   0.080143638599   0.124695601744
0.9   0.0799620807122   0.125055955035
0.903333333333   0.0797809993753   0.125415192433
0.906666666667   0.0796004066165   0.125773323995
0.91   0.0794202936202   0.126130352852
0.913333333333   0.0792406752238   0.126486286176
0.916666666667   0.0790615484178   0.126841134756
0.92   0.0788829201237   0.127194905141
0.923333333333   0.0787047857774   0.127547600934
0.926666666667   0.0785271570028   0.127899234866
0.93   0.0783500339856   0.128249811865
0.933333333333   0.0781734201262   0.128599337704
0.936666666667   0.0779973131209   0.128947822983
0.94   0.0778217275486   0.129295271171
0.943333333333   0.0776466559739   0.129641691016
0.946666666667   0.0774721054242   0.129987089111
0.95   0.077298080442   0.130331474383
0.953333333333   0.0771245801066   0.130674852864
0.956666666667   0.076951612239   0.131017230286
0.96   0.0767791718631   0.131358612456
0.963333333333   0.0766072720659   0.131699010979
0.966666666667   0.0764359113766   0.13203842901
0.97   0.076265095073   0.132376875584
0.973333333333   0.0760948202442   0.132714354564
0.976666666667   0.0759250945743   0.133050875057
0.98   0.0757559173571   0.133386443966
0.983333333333   0.0755872925516   0.133721071291
0.986666666667   0.0754191626077   0.13405479335
0.99   0.0752515642651   0.134387598348
0.993333333333   0.0750810624829   0.134721451803
0.996666666667   0.074893821377   0.13506463549
1.0   0.0746203528494   0.135457238107
1.00333333333   0.0739172042014   0.136104934894
1.00666666667   0.0719597726621   0.137564700743
1.01   0.0686242364482   0.140011043391
1.01333333333   0.0640060845143   0.143868724881
1.01666666667   0.0603940644753   0.147578915695
1.02   0.0572956224733   0.151363070165
1.02333333333   0.0550640151981   0.154977111442
1.02666666667   0.0529915410414   0.15856150234
1.03   0.0514143854771   0.162012403871
1.03333333333   0.0498806691188   0.165567759494
1.03666666667   0.0488080928513   0.168918557861
1.04   0.0480095906073   0.172403147965
1.04333333333   0.0474747313255   0.175724648193
1.04666666667   0.0470081911165   0.178709269083
1.05   0.0469810114728   0.18181757559
1.05333333333   0.0469254157578   0.185095068765
1.05666666667   0.0466242609266   0.188282540265
1.06   0.0465280033882   0.191308031004
1.06333333333   0.0460393041133   0.194800167536
1.06666666667   0.0463630085765   0.197385410787
1.07   0.0468303689036   0.200304427219
1.07333333333   0.0470900208297   0.20423221382
1.07666666667   0.0464353755764   0.207006843041
1.08   0.0469323243315   0.21024710603
1.08333333333   0.047490700605   0.213051654048
1.08666666667   0.0476744323085   0.215940861061
1.09   0.0476001478111   0.219046640121
1.09333333333   0.0488103511292   0.222472842223
1.09666666667   0.047975744911   0.225948569832
1.1   0.0488767896811   0.227483511611
1.10333333333   0.0486935792643   0.231032361521
1.10666666667   0.0498122082456   0.23409241084
1.11   0.0488686369308   0.237453801952
1.11333333333   0.0502795731092   0.240612799269
1.11666666667   0.0502595407485   0.242847156797
1.12   0.0503875918954   0.246822632513
1.12333333333   0.0516962099398   0.250192270031
1.12666666667   0.0521493439542   0.251409960131
1.13   0.0525150467769   0.254395408228
1.13333333333   0.0522839029134   0.257758130615
1.13666666667   0.0527468349152   0.260890912502
1.14   0.0526513826003   0.264039240344
1.14333333333   0.0528408875528   0.266725908351
1.14666666667   0.0546452676518   0.270060685164
1.15   0.0580005609506   0.453605519798
1.15333333333   0.0544781930086   0.275979771061
1.15666666667   0.0581430549127   0.456703120529
1.16   0.0557095971418   0.279442009001
1.16333333333   0.0556426536783   0.282331369746
1.16666666667   0.0559929296541   0.284117889517
1.17   0.058348969671   0.462125020345
1.17333333333   0.0565509230043   0.287925221547
1.17666666667   0.0576498354525   0.290604718805
1.18   0.0566114990975   0.292807906083
1.18333333333   0.0575665194629   0.298034971623
1.18666666667   0.0583749749637   0.299047136115
1.19   0.0581296133991   0.300848021661
1.19333333333   0.0585122175836   0.470034254739
1.19666666667   0.0577790756154   0.304423008821
1.2   0.0587320849394   0.30592254958
1.20333333333   0.0585216780856   0.473017059663
1.20666666667   0.0585180098748   0.473970352485
1.21   0.0589907204251   0.312482898978
1.21333333333   0.0601501837449   0.316683857289
1.21666666667   0.0603269376621   0.318357952387
1.22   0.0584727025239   0.477610536961
1.22333333333   0.0608310540074   0.320693203381
1.22666666667   0.0612731788581   0.321427640553
1.23   0.0612374107723   0.324280241255
1.23333333333   0.0617557860714   0.32366095729
1.23666666667   0.0611352704435   0.329129432791
1.24   0.0629041866442   0.326732592835
1.24333333333   0.0612314269459   0.331543583335
1.24666666667   0.0582565175267   0.484236362704
1.25   0.0623755433735   0.336322435502
1.25333333333   0.0632166391594   0.335142752975
1.25666666667   0.0581391875806   0.486546965715
1.26   0.0628194075708   0.338971635292
1.26333333333   0.05805145652   0.488044390581
1.26666666667   0.0633021851416   0.340572993904
1.27   0.0579566546767   0.489510707033
1.27333333333   0.0579067348964   0.490232975048
1.27666666667   0.0578552040384   0.490948366439
1.28   0.0578021089828   0.491657143889
1.28333333333   0.0577474960173   0.492359563832
1.28666666667   0.0576914087619   0.4930558598
1.29   0.0576338924435   0.493746262654
1.29333333333   0.0575749880167   0.494430990419
1.29666666667   0.0575147359402   0.495110243696
1.3   0.0574531752981   0.495784218801
1.30333333333   0.0573903440842   0.496453105401
1.30666666667   0.0573262777883   0.497117080228
1.31   0.0572610113662   0.497776316928
1.31333333333   0.0571945843911   0.498430968946
1.31666666667   0.0571270251653   0.499081202369
1.32   0.0570583672324   0.499727164743
1.32333333333   0.0569886437846   0.500368998584
1.32666666667   0.056917885126   0.50100683912
1.33   0.056846121741   0.501640817209
1.33333333333   0.0567733806136   0.502271065129
1.33666666667   0.0566996923394   0.502897700444
1.34   0.0566250835761   0.50352084733
1.34333333333   0.0565495814763   0.504140609731
1.34666666667   0.0564732129435   0.504757105162
1.35   0.0563960023057   0.505370432418
1.35333333333   0.0563179783367   0.505980697812
1.35666666667   0.0562391592673   0.506587997955
1.36   0.0561595758769   0.50719242433
1.36333333333   0.0560792451447   0.507794074632
1.36666666667   0.0559981941729   0.508393035329
1.37   0.0559164450902   0.508989393792
1.37333333333   0.0558340185576   0.509583229439
1.37666666667   0.0557509351287   0.510174628897
1.38   0.0556672217046   0.510763662822
1.38333333333   0.0555828883659   0.511350415791
1.38666666667   0.0554979643377   0.511934955582
1.39   0.0554124668625   0.512517359667
1.39333333333   0.055326412958   0.513097692372
1.39666666667   0.0552398228611   0.513676024621
1.4   0.0551527163378   0.514252424895
1.40333333333   0.0550651093914   0.51482695332
1.40666666667   0.0549770236754   0.515399675913
1.41   0.0548884737479   0.515970650358
1.41333333333   0.0547994784461   0.516539940383
1.41666666667   0.0547100552375   0.517107601564
1.42   0.0546202177148   0.51767369367
1.42333333333   0.0545299838024   0.518238269411
1.42666666667   0.0544393723019   0.518801385256
1.43   0.0543483964342   0.519363093962
1.43333333333   0.0542570714166   0.519923445424
1.43666666667   0.0541654147951   0.520482493487
1.44   0.054073440882   0.521040285542
1.44333333333   0.0539811633414   0.521596872751
1.44666666667   0.0538885995752   0.522152304948
1.45   0.053795759834   0.522706625344
1.45333333333   0.0537026635836   0.523259879364
1.45666666667   0.0536093218935   0.523812113695
1.46   0.0535157474926   0.524363374294
1.46333333333   0.0534219545099   0.524913704879
1.46666666667   0.053327958096   0.525463146221
1.47   0.0532337721309   0.526011739096
1.47333333333   0.0531394089404   0.52655952846
1.47666666667   0.053044880534   0.527106554796
1.48   0.0529501982714   0.527652854378
1.48333333333   0.0528553784323   0.528198472728
1.48666666667   0.0527604285171   0.528743444558
1.49   0.0526653680304   0.529287809137
1.49333333333   0.0525702022681   0.529831604778
1.49666666667   0.0524749460287   0.530374868548
0.5   0.104135371843   0.0714763415671
0.503333333333   0.103925010818   0.072026585006
0.506666666667   0.103714566435   0.0725749174112
0.51   0.103504015117   0.0731213432327
0.513333333333   0.103293363445   0.0736658771677
0.516666666667   0.103082634845   0.0742084939258
0.52   0.102871836696   0.0747491919255
0.523333333333   0.102660978195   0.0752879695054
0.526666666667   0.102450060161   0.0758248301426
0.53   0.102239104453   0.0763597700892
0.533333333333   0.102028109284   0.0768927839281
0.536666666667   0.101817088899   0.0774238769054
0.54   0.101606073475   0.0779530696183
0.543333333333   0.101394995167   0.0784802873823
0.546666666667   0.101183938728   0.0790056125136
0.55   0.100972889103   0.0795290166295
0.553333333333   0.100761851305   0.0800504987884
0.556666666667   0.100550833953   0.080570062839
0.56   0.100339847808   0.081087713089
0.563333333333   0.100128893669   0.0816034498829
0.566666666667   0.0999179811928   0.0821172784006
0.57   0.0997071219582   0.0826291997728
0.573333333333   0.0994963178416   0.0831392189578
0.576666666667   0.099285577559   0.0836473369026
0.58   0.0990749060645   0.0841535659268
0.583333333333   0.0988643148337   0.0846578948355
0.586666666667   0.0986538034471   0.0851603423729
0.59   0.0984433908199   0.0856609205552
0.593333333333   0.0982330721608   0.0861596107516
0.596666666667   0.0980228552629   0.0866564360665
0.6   0.0978127485249   0.087151398148
0.603333333333   0.0976027577771   0.0876445005827
0.606666666667   0.0973928909627   0.0881357494707
0.61   0.0971831509897   0.0886251539281
0.613333333333   0.0969735421175   0.0891127170799
0.616666666667   0.0967640786706   0.0895984487111
0.62   0.0965547629958   0.0900823588625
0.623333333333   0.0963455901437   0.0905644411161
0.626666666667   0.0961365809459   0.0910447161555
0.63   0.0959277299593   0.0915231819134
0.633333333333   0.0957190484086   0.0919998534586
0.636666666667   0.0955105426796   0.0924747336363
0.64   0.0953022137104   0.092947832479
0.643333333333   0.0950940708347   0.093419153643
0.646666666667   0.0948861106878   0.0938887061388
0.65   0.0946783582346   0.0943565069335
0.653333333333   0.0944708056175   0.0948225627049
0.656666666667   0.0942634382078   0.0952868476925
0.66   0.0940562900179   0.0957494106187
0.663333333333   0.0938493559107   0.0962102486129
0.666666666667   0.093642642789   0.0966693705056
0.67   0.0934361503807   0.0971267791583
0.673333333333   0.0932298906321   0.0975824845465
0.676666666667   0.0930238600575   0.0980364959413
0.68   0.0928180718653   0.0984888244317
0.683333333333   0.0926125209235   0.0989394749079
0.686666666667   0.0924072233283   0.0993884575233
0.69   0.0922021721398   0.0998357805389
0.693333333333   0.0919973800298   0.100281456661
0.696666666667   0.0917928459625   0.100725484514
0.7   0.0915885797302   0.101167886648
0.703333333333   0.0913845804451   0.101608659575
0.706666666667   0.0911808537379   0.102047819899
0.71   0.0909774055695   0.102485374196
0.713333333333   0.0907742365118   0.102921327896
0.716666666667   0.0905713549567   0.103355692971
0.72   0.0903687618146   0.103788476686
0.723333333333   0.0901664660961   0.104219695961
0.726666666667   0.0899644644815   0.104649345792
0.73   0.0897627677676   0.105077447255
0.733333333333   0.0895613716405   0.105503999276
0.736666666667   0.0893602934724   0.10592902438
0.74   0.08915952164   0.106352514315
0.743333333333   0.0889590765426   0.106774497928
0.746666666667   0.088758942691   0.107194956319
0.75   0.0885591391664   0.107613928905
0.753333333333   0.0883596625676   0.10803140235
0.756666666667   0.0881605224997   0.108447400187
0.76   0.0879617174489   0.108861921963
0.763333333333   0.0877632478307   0.10927497827
0.766666666667   0.0875651260151   0.109686584146
0.77   0.087367351798   0.110096737846
0.773333333333   0.0871699314695   0.110505462596
0.776666666667   0.0869728651   0.110912751141
0.78   0.0867761514429   0.111318613819
0.783333333333   0.0865798035995   0.111723073234
0.786666666667   0.0863838204014   0.11212612947
0.79   0.0861882065171   0.112527789222
0.793333333333   0.0859929620154   0.112928076469
0.796666666667   0.0857981008559   0.113326967003
0.8   0.0856036141225   0.113724496069
0.803333333333   0.0854095110191   0.114120669713
0.806666666667   0.0852157934263   0.114515489742
0.81   0.0850224684006   0.114908970924
0.813333333333   0.0848295343382   0.115301117116
0.816666666667   0.0846369940848   0.115691936223
0.82   0.0844448600346   0.116081442127
0.823333333333   0.0842531255278   0.116469639378
0.826666666667   0.0840617980372   0.116856532803
0.83   0.0838708783624   0.117242138125
0.833333333333   0.0836803769632   0.117626459567
0.836666666667   0.0834902886224   0.118009506732
0.84   0.0833006209211   0.118391287189
0.843333333333   0.083111378232   0.11877180905
0.846666666667   0.0829225577038   0.119151079238
0.85   0.0827341703793   0.119529107636
0.853333333333   0.0825462136304   0.119905905292
0.856666666667   0.0823586914362   0.120281473886
0.86   0.0821716149649   0.12065582756
0.863333333333   0.081984977582   0.121028968213
0.866666666667   0.0817987839805   0.121400910349
0.87   0.0816130407459   0.12177165596
0.873333333333   0.0814277503061   0.122141217498
0.876666666667   0.0812429130231   0.122509600385
0.88   0.0810585338441   0.122876813565
0.883333333333   0.0808746210556   0.123242865458
0.886666666667   0.0806911713515   0.123607763381
0.89   0.080508188621   0.123971511736
0.893333333333   0.0803256752336   0.124334121044
0.896666666667   0.0801436385281   0.124695599961
0.9   0.0799620793598   0.125055953948
0.903333333333   0.0797809981283   0.125415192155
0.906666666667   0.079600405773   0.125773323236
0.91   0.0794202947511   0.126130351673
0.913333333333   0.0792406732788   0.126486287166
0.916666666667   0.0790615467616   0.126841133104
0.92   0.0788829179463   0.127194903347
0.923333333333   0.0787047858571   0.127547600351
0.926666666667   0.0785271574454   0.127899235839
0.93   0.0783500338181   0.128249811378
0.933333333333   0.0781734221939   0.128599338767
0.936666666667   0.0779973171575   0.128947821738
0.94   0.0778217272218   0.129295271394
0.943333333333   0.0776466587373   0.129641691963
0.946666666667   0.077472103937   0.129987088652
0.95   0.0772980783991   0.130331473536
0.953333333333   0.0771245792207   0.130674853419
0.956666666667   0.0769516103867   0.131017229335
0.96   0.0767791725232   0.131358612599
0.963333333333   0.0766072708419   0.131699010748
0.966666666667   0.0764359115385   0.132038428789
0.97   0.0762650907815   0.13237687465
0.973333333333   0.0760948185172   0.132714354342
0.976666666667   0.0759250954174   0.133050874942
0.98   0.0757559184846   0.133386443364
0.983333333333   0.0755872952629   0.133721066839
0.986666666667   0.0754191681208   0.134054788664
0.99   0.0752511832638   0.134387812008
0.993333333333   0.0750810471317   0.134721454766
0.996666666667   0.0748948338802   0.135063748594
1.0   0.0746179203479   0.135458508272
1.00333333333   0.073905195088   0.136110774135
1.00666666667   0.0719518009637   0.137563010971
1.01   0.0683538958574   0.140276187836
1.01333333333   0.0640722032068   0.143801378635
1.01666666667   0.0606405253231   0.147565512044
1.02   0.0575469975551   0.151330347326
1.02333333333   0.0549986968018   0.154969745083
1.02666666667   0.0530910989903   0.158527523531
1.03   0.0516786622976   0.161991936926
1.03333333333   0.0505421707926   0.165434713654
1.03666666667   0.0488938290229   0.168842875559
1.04   0.0481248819138   0.172117247483
1.04333333333   0.0473561641682   0.175537832699
1.04666666667   0.0476023407018   0.178518549576
1.05   0.0467747391548   0.181933631546
1.05333333333   0.0467209376127   0.185103802363
1.05666666667   0.0465499828451   0.188339971921
1.06   0.0466901912227   0.191581976529
1.06333333333   0.0469200980667   0.194311786664
1.06666666667   0.0465691388446   0.198105684781
1.07   0.0462840422313   0.200493946488
1.07333333333   0.0474684158835   0.203640626506
1.07666666667   0.0466128794488   0.20730899872
1.08   0.0468626785121   0.210064667467
1.08333333333   0.0473345537879   0.213114187362
1.08666666667   0.0479043653846   0.215975236995
1.09   0.0484315076489   0.219011480874
1.09333333333   0.0481351335872   0.222892017105
1.09666666667   0.0477799448458   0.225168278297
1.1   0.0480708718738   0.228102984406
1.10333333333   0.049332152994   0.230674312241
1.10666666667   0.0487774068281   0.234690584792
1.11   0.0490744330717   0.237620764241
1.11333333333   0.0499821089093   0.240728775156
1.11666666667   0.0504761495841   0.242682732957
1.12   0.0498902475377   0.246472851709
1.12333333333   0.0506684714925   0.248566203496
1.12666666667   0.0524702032709   0.251859270559
1.13   0.0525241199306   0.255164127432
1.13333333333   0.0527496184689   0.257655884189
1.13666666667   0.0527956664304   0.260999029519
1.14   0.0530430782952   0.263148401196
1.14333333333   0.0528621593714   0.267309274281
1.14666666667   0.0543046300307   0.270424239992
1.15   0.0551002897387   0.272255516028
1.15333333333   0.0539623562737   0.275792758928
1.15666666667   0.0553948230238   0.277368257697
1.16   0.0556128072361   0.279294260144
1.16333333333   0.0556657145399   0.282300979121
1.16666666667   0.0557569620889   0.284351890799
1.17   0.0558361709835   0.287119151353
1.17333333333   0.0558995479285   0.290956616878
1.17666666667   0.0584184697344   0.4645517793
1.18   0.0581295233162   0.293257228514
1.18333333333   0.0582007583251   0.296266055689
1.18666666667   0.0573672316024   0.299527787346
1.19   0.0590113984393   0.30129954681
1.19333333333   0.0583097917084   0.303220339918
1.19666666667   0.0581383876081   0.30495130833
1.2   0.0585220300084   0.472044197724
1.20333333333   0.0586249770115   0.309634406848
1.20666666667   0.0585624860366   0.31097505024
1.21   0.0585111564214   0.474905288238
1.21333333333   0.0603734428537   0.311663815269
1.21666666667   0.0608197186546   0.313826659314
1.22   0.0584727003567   0.47761053709
1.22333333333   0.0584542835721   0.478482172669
1.22666666667   0.0613909301035   0.321292280189
1.23   0.0616380424673   0.323501327226
1.23333333333   0.0615076798115   0.326786224878
1.23666666667   0.0583551853999   0.481838532649
1.24   0.0621065316501   0.325768696726
1.24333333333   0.061203048855   0.332050914474
1.24666666667   0.0582565177762   0.48423636384
1.25   0.0618684577877   0.332455961546
1.25333333333   0.0622292026289   0.336857951059
1.25666666667   0.0581391876539   0.486546966226
1.26   0.0580962360262   0.487299729453
1.26333333333   0.0624941326869   0.344605227179
1.26666666667   0.0580049140306   0.488781276448
1.27   0.0644959968609   0.343379361977
1.27333333333   0.0579067374113   0.490232972463
1.27666666667   0.0578552038197   0.490948366
1.28   0.0578021086883   0.491657145178
1.28333333333   0.062915844347   0.364432617981
1.28666666667   0.0576914066614   0.493055863599
1.29   0.0576338924322   0.493746266141
1.29333333333   0.0575749870085   0.494430992009
1.29666666667   0.0575147363742   0.495110242526
1.3   0.0574531765278   0.495784219306
1.30333333333   0.0573903405471   0.496453106719
1.30666666667   0.0573262774801   0.497117079565
1.31   0.0572610128404   0.497776314565
1.31333333333   0.0571945842192   0.498430970927
1.31666666667   0.0571270252933   0.499081205562
1.32   0.057058367589   0.499727166055
1.32333333333   0.0569886440473   0.500368999696
1.32666666667   0.0569178837616   0.501006838555
1.33   0.0568461233841   0.501640819512
1.33333333333   0.0567733812553   0.502271065505
1.33666666667   0.0566996904802   0.502897703057
1.34   0.0566250837018   0.503520846531
1.34333333333   0.0565495826402   0.504140608978
1.34666666667   0.0564732133719   0.504757104977
1.35   0.0563960011995   0.50537043414
1.35333333333   0.0563179775133   0.505980698088
1.35666666667   0.0562391611133   0.506587995805
1.36   0.0561595748283   0.507192424699
1.36333333333   0.0560792446325   0.507794074008
1.36666666667   0.0559981944713   0.508393037167
1.37   0.0559164441877   0.508989392124
1.37333333333   0.0558340191004   0.509583226847
1.37666666667   0.0557509370987   0.510174627085
1.38   0.0556672221665   0.510763662562
1.38333333333   0.0555828892977   0.511350415556
1.38666666667   0.0554979646832   0.511934956068
1.39   0.0554124664597   0.512517359873
1.39333333333   0.0553264117343   0.513097694838
1.39666666667   0.0552398237417   0.513676024559
1.4   0.0551527146209   0.514252424903
1.40333333333   0.0550651113434   0.51482695149
1.40666666667   0.054977023597   0.515399674162
1.41   0.0548884752483   0.515970649086
1.41333333333   0.0547994776844   0.516539939091
1.41666666667   0.0547100538616   0.517107601058
1.42   0.0546202180897   0.517673691151
1.42333333333   0.0545299840353   0.518238269694
1.42666666667   0.0544393728452   0.518801383447
1.43   0.0543483951173   0.519363092154
1.43333333333   0.0542570716882   0.519923444719
1.43666666667   0.0541654147716   0.520482494508
1.44   0.0540734402822   0.521040285998
1.44333333333   0.0539811630621   0.521596874695
1.44666666667   0.0538885966665   0.522152304729
1.45   0.0537957597308   0.522706623813
1.45333333333   0.0537026636674   0.523259879709
1.45666666667   0.0536093207318   0.523812115683
1.46   0.0535157456004   0.524363377558
1.46333333333   0.0534219548629   0.524913705035
1.46666666667   0.0533279581671   0.52546314568
1.47   0.0532337727069   0.52601174008
1.47333333333   0.0531394100845   0.526559529972
1.47666666667   0.0530448805992   0.527106553819
1.48   0.0529501985067   0.527652854483
1.48333333333   0.0528553783107   0.52819847213
1.48666666667   0.0527604301915   0.528743444495
1.49   0.0526653651709   0.529287810157
1.49333333333   0.0525702012337   0.529831604294
1.49666666667   0.0524749438468   0.530374867976
0.5   0.104135370557   0.0714763430647
0.503333333333   0.103925022302   0.0720265824381
0.506666666667   0.10371456536   0.0725749200778
0.51   0.103504015121   0.0731213432331
0.513333333333   0.103293362603   0.0736658748771
0.516666666667   0.103082634356   0.0742084923142
0.52   0.102871822476   0.074749195759
0.523333333333   0.102660977138   0.0752879665578
0.526666666667   0.102450062852   0.0758248298829
0.53   0.102239104501   0.0763597691732
0.533333333333   0.102028111418   0.0768927829657
0.536666666667   0.101817089891   0.0774238761904
0.54   0.101606048352   0.0779530450954
0.543333333333   0.101394994199   0.0784802904755
0.546666666667   0.101183932882   0.0790056171708
0.55   0.100972888161   0.0795290142725
0.553333333333   0.100761851028   0.0800504953136
0.556666666667   0.10055083567   0.080570065367
0.56   0.100339846392   0.0810877142585
0.563333333333   0.100128894391   0.0816034497782
0.566666666667   0.0999179818119   0.0821172794144
0.57   0.0997071226478   0.082629199446
0.573333333333   0.0994963185595   0.083139219289
0.576666666667   0.0992855755282   0.0836473363741
0.58   0.0990749089614   0.0841535616055
0.583333333333   0.0988643168634   0.0846578973495
0.586666666667   0.0986538085037   0.0851603481672
0.59   0.0984433938786   0.0856609158526
0.593333333333   0.0982330711807   0.0861596134047
0.596666666667   0.0980228555158   0.0866564385653
0.6   0.0978127472493   0.0871513961471
0.603333333333   0.0976027587285   0.0876444988153
0.606666666667   0.0973928910147   0.0881357491434
0.61   0.0971831523912   0.0886251547194
0.613333333333   0.0969735462954   0.0891127200556
0.616666666667   0.0967640783834   0.0895984472569
0.62   0.0965547575894   0.0900823535996
0.623333333333   0.0963455914636   0.0905644423886
0.626666666667   0.0961365805859   0.0910447152645
0.63   0.0959277291046   0.0915231834508
0.633333333333   0.0957190501125   0.0919998529379
0.636666666667   0.0955105425119   0.0924747357478
0.64   0.0953022149788   0.092947830207
0.643333333333   0.0950940719043   0.0934191550145
0.646666666667   0.0948861161666   0.0938887076547
0.65   0.0946783558442   0.094356505109
0.653333333333   0.0944707938364   0.0948225465536
0.656666666667   0.094263434645   0.0952868480491
0.66   0.0940562911089   0.0957494117346
0.663333333333   0.0938493560071   0.0962102505839
0.666666666667   0.0936426407613   0.0966693690309
0.67   0.0934361497144   0.0971267796986
0.673333333333   0.0932298911953   0.0975824835799
0.676666666667   0.0930238610038   0.0980364925098
0.68   0.0928180726682   0.0984888266968
0.683333333333   0.0926125217231   0.0989394751003
0.686666666667   0.0924072210336   0.0993884572939
0.69   0.0922021740345   0.0998357829593
0.693333333333   0.0919973774039   0.100281455489
0.696666666667   0.0917928463058   0.100725489688
0.7   0.0915885774556   0.101167886185
0.703333333333   0.091384577959   0.101608659294
0.706666666667   0.0911808519616   0.102047818867
0.71   0.0909774032391   0.10248537416
0.713333333333   0.0907742357272   0.102921325934
0.716666666667   0.0905713552938   0.103355693579
0.72   0.0903687643648   0.103788481044
0.723333333333   0.0901664636629   0.104219693827
0.726666666667   0.089964464476   0.104649344974
0.73   0.0897627662634   0.105077446582
0.733333333333   0.0895613735181   0.105504002961
0.736666666667   0.0893602919289   0.105929022384
0.74   0.0891595230312   0.106352515136
0.743333333333   0.0889590740633   0.10677449259
0.746666666667   0.0887589432647   0.107194959555
0.75   0.0885591389805   0.107613925212
0.753333333333   0.0883596625266   0.108031403594
0.756666666667   0.088160521581   0.108447399639
0.76   0.0879617159052   0.108861920924
0.763333333333   0.0877632486589   0.109274977721
0.766666666667   0.0875651274765   0.10968658304
0.77   0.0873673525805   0.110096737902
0.773333333333   0.0871699287322   0.11050545785
0.776666666667   0.0869728628245   0.110912745538
0.78   0.0867761518152   0.111318613919
0.783333333333   0.0865798049812   0.111723073957
0.786666666667   0.086383822081   0.112126131822
0.79   0.0861882072656   0.11252779222
0.793333333333   0.0859929643682   0.112928064883
0.796666666667   0.0857981001514   0.113326966383
0.8   0.0856036111439   0.113724494486
0.803333333333   0.0854095139687   0.114120671315
0.806666666667   0.085215793991   0.114515493844
0.81   0.0850224654196   0.114908969145
0.813333333333   0.0848295358656   0.115301116979
0.816666666667   0.0846369975433   0.115691939347
0.82   0.0844448608167   0.116081442674
0.823333333333   0.0842531270209   0.116469639498
0.826666666667   0.0840617985007   0.11685653312
0.83   0.0838708806354   0.117242140552
0.833333333333   0.0836803793526   0.11762646146
0.836666666667   0.0834902890538   0.118009506397
0.84   0.0833006214445   0.118391287582
0.843333333333   0.0831113757066   0.118771806199
0.846666666667   0.0829225610469   0.119151080695
0.85   0.0827341699578   0.11952910735
0.853333333333   0.0825462161951   0.119905905176
0.856666666667   0.0823586920978   0.120281472969
0.86   0.0821716122306   0.12065582697
0.863333333333   0.0819849749583   0.121028968774
0.866666666667   0.0817987842141   0.121400909949
0.87   0.0816130394468   0.121771656947
0.873333333333   0.0814277493875   0.122141216076
0.876666666667   0.0812429129738   0.12250960011
0.88   0.0810585393546   0.122876815006
0.883333333333   0.0808746203709   0.12324286502
0.886666666667   0.0806911686641   0.123607761217
0.89   0.0805081887855   0.123971511796
0.893333333333   0.080325676701   0.124334121381
0.896666666667   0.0801436390373   0.124695600514
0.9   0.0799620789301   0.125055955222
0.903333333333   nan   0.0
0.906666666667   0.0796004068906   0.125773323256
0.91   0.0794202938151   0.126130351661
0.913333333333   0.0792406769898   0.126486286382
0.916666666667   0.0790615479788   0.126841134326
0.92   0.0788829136531   0.127194904159
0.923333333333   0.0787047864748   0.127547602045
0.926666666667   0.0785271566138   0.127899234705
0.93   0.0783500367885   0.128249813052
0.933333333333   0.0781734186336   0.128599338149
0.936666666667   0.0779973176682   0.128947823581
0.94   0.077821726918   0.129295270167
0.943333333333   0.0776466544969   0.129641690392
0.946666666667   0.077472104774   0.129987089434
0.95   0.0772980790441   0.13033147549
0.953333333333   0.0771245785969   0.130674851775
0.956666666667   0.076951611359   0.131017229561
0.96   0.0767791756088   0.131358614335
0.963333333333   0.0766072752577   0.131699011801
0.966666666667   0.0764359109012   0.132038427935
0.97   0.0762650927872   0.132376875454
0.973333333333   0.0760948192102   0.132714352495
0.976666666667   0.0759250939134   0.133050875216
0.98   0.0757559183806   0.133386442858
0.983333333333   0.0755872921693   0.133721071091
0.986666666667   0.075419181163   0.134054781959
0.99   0.0752516537414   0.134387546693
0.993333333333   0.0750810111416   0.134721473051
0.996666666667   0.0748941985061   0.135064264494
1.0   0.0746620805054   0.135433959795
1.00333333333   0.0739089099646   0.136113926787
1.00666666667   0.0719489021251   0.137562895203
1.01   0.0684585918364   0.140195573592
1.01333333333   0.0641384509385   0.143794553381
1.01666666667   0.0608010757954   0.147399016826
1.02   0.0575733188071   0.151318050657
1.02333333333   0.0550214528841   0.154991520915
1.02666666667   0.0529987693668   0.158575507043
1.03   0.0516135011744   0.162058447759
1.03333333333   0.0498973577335   0.165532353414
1.03666666667   0.0492786858409   0.169012319056
1.04   0.0482472735967   0.172061882724
1.04333333333   0.0478819851813   0.175265016819
1.04666666667   0.0471685448449   0.178607638263
1.05   0.0468329844581   0.181888947029
1.05333333333   0.0468285005699   0.185081923651
1.05666666667   0.0467064929485   0.188298735257
1.06   0.0468425869253   0.19132197954
1.06333333333   0.0470328884091   0.194484092834
1.06666666667   0.0461815592061   0.198107333562
1.07   0.0470424963951   0.201112843759
1.07333333333   0.0468066233306   0.204335467291
1.07666666667   0.0465964934087   0.206744387155
1.08   0.046908806462   0.209958470725
1.08333333333   0.0474291509765   0.213110995494
1.08666666667   0.0478309562364   0.216258382316
1.09   0.0476230529371   0.219025500379
1.09333333333   0.0486422902995   0.222617195276
1.09666666667   0.0489588700888   0.224517259621
1.1   0.0494720227937   0.22831410876
1.10333333333   0.0496199892317   0.231693702612
1.10666666667   0.0492575977304   0.23468076988
1.11   0.0506569442807   0.237525761647
1.11333333333   0.0499308261821   0.240378546863
1.11666666667   0.0501582801039   0.243090337661
1.12   0.0498880985836   0.246458901713
1.12333333333   0.0519188215884   0.248423083337
1.12666666667   0.0520798837345   0.251042842046
1.13   0.0514107716207   0.254939753145
1.13333333333   0.0519511445148   0.258117034744
1.13666666667   0.052733623383   0.26080851525
1.14   0.0529157329202   0.263249337288
1.14333333333   0.0578262748014   0.450138550562
1.14666666667   0.0529675783273   0.269588966212
1.15   0.0540460981793   0.270517828832
1.15333333333   0.0554286365004   0.274305021717
1.15666666667   0.0555923761368   0.276408096611
1.16   0.0553622499549   0.28031564665
1.16333333333   0.0556569994259   0.28226478984
1.16666666667   0.0564710521936   0.284689717213
1.17   0.0569625809784   0.286974383755
1.17333333333   0.0583862477444   0.46335819945
1.17666666667   0.0566382691149   0.293962418065
1.18   0.0582013781114   0.294198992379
1.18333333333   0.0584687791687   0.466833753664
1.18666666667   0.0584873253866   0.467927884972
1.19   0.0581316045668   0.301408816663
1.19333333333   0.0583021805407   0.303218687576
1.19666666667   0.0597132442168   0.305154207536
1.2   0.05891234798   0.305720268798
1.20333333333   0.0597867573005   0.310405975089
1.20666666667   0.0594231150592   0.312917325019
1.21   0.0585111564928   0.47490528916
1.21333333333   0.0592309358552   0.315674440385
1.21666666667   0.0595520013346   0.31724485708
1.22   0.0608742681565   0.319420903705
1.22333333333   0.0603886306554   0.319545327617
1.22666666667   0.0584332311493   0.479340104558
1.23   0.0610616457805   0.32370971273
1.23333333333   0.0583835942525   0.48101764617
1.23666666667   0.0627834493719   0.326240085446
1.24   0.058324481736   0.482648273145
1.24333333333   0.058291570435   0.483447383208
1.24666666667   0.0582565173969   0.484236363719
1.25   0.0582193912772   0.485015673126
1.25333333333   0.058180260262   0.485785739451
1.25666666667   0.0617496600333   0.338009134212
1.26   0.0580962358831   0.487299729867
1.26333333333   0.0580514585434   0.488044389156
1.26666666667   0.0628709779054   0.347851196068
1.27   0.0639939307495   0.347909277952
1.27333333333   0.0579067357763   0.490232977636
1.27666666667   0.0578552015471   0.490948369667
1.28   0.0578021079822   0.491657145657
1.28333333333   0.0618829953856   0.371161600501
1.28666666667   0.057691407107   0.493055863262
1.29   0.0576338930263   0.493746263207
1.29333333333   0.0575749894937   0.494430989801
1.29666666667   0.0575147367078   0.495110243291
1.3   0.0574531746892   0.495784218941
1.30333333333   0.0573903424573   0.496453106382
1.30666666667   0.0573262763325   0.497117083723
1.31   0.0572610125889   0.497776315297
1.31333333333   0.05719458172   0.498430975077
1.31666666667   0.0571270232526   0.499081206188
1.32   0.0570583674076   0.499727168315
1.32333333333   0.0569886428359   0.500368997947
1.32666666667   0.0569178853331   0.501006838237
1.33   0.0568461204034   0.501640817816
1.33333333333   0.0567733805343   0.502271065243
1.33666666667   0.0566996921968   0.502897702659
1.34   0.0566250824329   0.50352084551
1.34333333333   0.0565495807246   0.504140611321
1.34666666667   0.0564732120345   0.504757103855
1.35   0.056396003132   0.505370433695
1.35333333333   0.0563179766772   0.505980698675
1.35666666667   0.0562391604569   0.506587995695
1.36   0.0561595731179   0.507192425647
1.36333333333   0.0560792447044   0.507794076211
1.36666666667   0.0559981951553   0.508393036656
1.37   0.0559164444554   0.508989392479
1.37333333333   0.0558340184579   0.509583227663
1.37666666667   0.0557509355621   0.510174626312
1.38   0.0556672199304   0.510763663591
1.38333333333   0.0555828879852   0.51135041706
1.38666666667   0.0554979636835   0.511934957308
1.39   0.0554124664401   0.512517358914
1.39333333333   0.0553264126277   0.51309769404
1.39666666667   0.0552398236454   0.51367602531
1.4   0.0551527157521   0.514252424086
1.40333333333   0.0550651099545   0.514826952151
1.40666666667   0.0549770231473   0.515399676399
1.41   0.0548884735317   0.515970651879
1.41333333333   0.0547994773574   0.516539941229
1.41666666667   0.0547100531867   0.517107601268
1.42   0.0546202162182   0.517673693011
1.42333333333   0.0545299839054   0.51823826909
1.42666666667   0.0544393693386   0.518801384425
1.43   0.0543483959248   0.519363093094
1.43333333333   0.0542570699579   0.519923445447
1.43666666667   0.0541654146675   0.520482494108
1.44   0.054073440701   0.521040286549
1.44333333333   0.0539811647059   0.521596872633
1.44666666667   0.0538885996687   0.52215230565
1.45   0.0537957610977   0.522706625019
1.45333333333   0.0537026640737   0.523259877395
1.45666666667   0.0536093216104   0.523812114323
1.46   0.0535157470441   0.524363375375
1.46333333333   0.0534219550125   0.524913704389
1.46666666667   0.0533279576626   0.525463146289
1.47   0.0532337707286   0.52601174099
1.47333333333   0.0531394087828   0.526559528236
1.47666666667   0.0530448785513   0.527106553195
1.48   0.0529502001305   0.527652855318
1.48333333333   0.0528553788992   0.528198471432
1.48666666667   0.052760429894   0.528743445391
1.49   0.0526653669668   0.529287811026
1.49333333333   0.052570201217   0.529831604979
1.49666666667   0.0524749449654   0.53037486744
