Last position of orbit,   A
 0.03748189  0.          2.60664212  1.         0.2544
-0.03781646  0.          3.68237039  1.         0.2554
 0.03814618  0.          2.59504382  1.         0.2564
-0.03847126  0.          3.69385953  1.         0.2574
 0.03879182  0.          2.58365945  1.         0.2584
-0.03910798  0.          3.70513879  1.         0.2594
 0.03942143  0.          2.57241619  1.         0.2604
-0.04034029  0.          3.7508969   1.         0.2614
 0.03842042  0.          2.62823111  1.         0.2624
-0.04127728  0.          3.7922944   1.         0.2634
 0.03795152  0.          2.65502315  1.         0.2644
-0.04193214  0.          3.819747    1.         0.2654
