sweep_var   energy_stuff_1   averages_1   standard_dev
0.3   0.0332763516503   4.39384305829e-21
0.303666666667   0.223510925539   7.44208466256e-27
0.307333333333   0.0530589362487   2.3622940674e-22
0.311   0.255172904539   1.15244130765e-23
0.314666666667   0.137694309907   1.93888662487e-25
0.318333333333   0.00517054332503   3.85401117675e-23
0.322   0.00302059521859   2.14814826787e-26
0.325666666667   0.00270737831303   1.48535806431e-21
0.329333333333   0.0243210694431   1.73922182975e-21
0.333   0.00824116864805   9.94686383528e-22
0.336666666667   0.00266776870662   1.44788655435e-22
0.340333333333   0.0478470083555   2.99649021851e-23
0.344   0.00328889277699   2.37019935101e-24
0.347666666667   0.000861549101069   1.30981160871e-24
0.351333333333   0.0853341062645   3.39165811874e-24
0.355   0.00289493922457   2.45942049131e-24
0.358666666667   0.0845952765962   2.4486718522e-23
0.362333333333   0.000715440750939   1.78250730664e-23
0.366   0.232735068914   1.18002081176e-28
0.369666666667   0.0102345528427   9.75025518989e-23
0.373333333333   0.0308342348751   8.23337455132e-25
0.377   0.000913603211405   2.02169472598e-26
0.380666666667   0.00567863071093   6.55632432385e-28
0.384333333333   0.0849554779103   1.09286269517e-23
0.388   0.00124525176564   3.51263953326e-28
0.391666666667   0.131008596353   9.81214308689e-28
0.395333333333   0.0123667407428   1.38921100596e-26
0.399   0.161466675627   2.84167731124e-22
0.402666666667   0.00672294868552   6.10608694244e-24
0.406333333333   0.0805730074892   2.86124899047e-22
0.41   0.550835491276   2.95436915113e-30
0.413666666667   0.00993283285074   7.76870018537e-26
0.417333333333   0.0512140244697   1.24849440991e-21
0.421   0.00198655213022   1.31360840568e-25
0.424666666667   0.014429427656   3.86490153827e-22
0.428333333333   0.00757115889059   6.18206506611e-21
0.432   0.0156509193485   3.1317628776e-26
0.435666666667   0.00352964174472   9.73495056895e-26
0.439333333333   0.522006320985   1.35885763765e-31
0.443   0.301736799973   1.93999318375e-24
0.446666666667   0.0030327882414   4.91639448559e-23
0.450333333333   0.295948901219   3.20958416509e-22
0.454   0.00208139528159   3.64735216284e-23
0.457666666667   0.000976922979991   7.05679890774e-24
0.461333333333   0.0346348810778   2.46814706821e-26
0.465   0.0170682136967   3.81963725632e-25
0.468666666667   0.0224090825602   1.36477524273e-22
0.472333333333   0.00406989774604   1.29634668486e-23
0.476   0.00235365431429   4.21340238925e-24
0.479666666667   0.217556684406   4.40811653503e-23
0.483333333333   0.14968044386   9.20594286405e-23
0.487   0.0942905522936   1.48630473568e-24
0.490666666667   0.0781484193145   4.82984012235e-27
0.494333333333   0.00247530684956   8.12206711206e-25
0.498   0.0572360927936   7.06985949296e-25
0.501666666667   0.482881257807   1.55468834522e-27
0.505333333333   0.0236956433966   1.72887792167e-23
0.509   0.0190886274916   1.90685039223e-23
0.512666666667   0.00308132575049   6.3593668793e-25
0.516333333333   0.00227444470934   6.31112382991e-23
0.52   0.0224973752427   1.53704308425e-21
0.523666666667   0.139672252026   1.92847194005e-24
0.527333333333   0.0194169281029   3.36243663217e-22
0.531   0.0118960124555   6.54586464021e-22
0.534666666667   0.00118925592751   1.11377089044e-22
0.538333333333   0.00205526824661   4.99672108398e-26
0.542   0.00747841065871   3.62689167898e-26
0.545666666667   0.000369451284228   5.50950308371e-23
0.549333333333   0.163777789319   1.25690460493e-21
0.553   0.010564938274   2.0532094023e-24
0.556666666667   0.0015105520301   8.85001599499e-23
0.560333333333   0.222775642059   1.75616592055e-27
0.564   0.00601042249918   2.8548098127e-23
0.567666666667   0.0935945809852   3.66747175758e-24
0.571333333333   0.0339145971146   1.29940036359e-23
0.575   0.0156799828341   2.13828696378e-24
0.578666666667   0.0370996188868   4.42442724596e-23
0.582333333333   0.0213380869388   3.72803104454e-25
0.586   0.0114638153689   3.48008115383e-26
0.589666666667   0.0344544336395   1.18531481171e-22
0.593333333333   0.00760590405309   7.04039411965e-23
0.597   0.237262928528   1.91774345483e-25
0.600666666667   0.196999844625   1.60675848697e-24
0.604333333333   0.067350187931   1.3837615023e-22
0.608   0.0057187888578   4.95251480654e-22
0.611666666667   0.0251840555469   8.10513145124e-23
0.615333333333   3.71158697959e-05   6.4331803214e-22
0.619   0.0330492123039   1.22921148097e-26
0.622666666667   0.00149579022325   1.71805594391e-21
0.626333333333   0.143267907005   2.76610659569e-25
0.63   0.00770751793576   6.46896335952e-21
0.633666666667   0.0101627457199   2.05055218723e-26
0.637333333333   0.000612308539354   1.24321361134e-24
0.641   0.074249758096   3.31551254311e-24
0.644666666667   0.0502416232574   3.54461657611e-23
0.648333333333   0.00152625942187   8.68818777689e-30
0.652   0.00868024387331   1.06896933403e-22
0.655666666667   0.00203534735979   1.09883358729e-23
0.659333333333   0.0077142288297   3.29161635944e-26
0.663   0.00308156347246   1.17833375564e-23
0.666666666667   0.0240376745139   1.12772145873e-21
0.670333333333   0.0457781583656   2.59259642357e-27
0.674   0.0157161046458   1.69770139644e-23
0.677666666667   0.0170205201757   1.21974196258e-24
0.681333333333   0.00193053775939   5.67255648468e-24
0.685   0.0585060176079   1.80428867303e-25
0.688666666667   0.679167794054   3.72216438727e-22
0.692333333333   0.21996959018   5.93214842887e-25
0.696   0.322107792136   7.06033802317e-24
0.699666666667   0.199926843301   4.23152977904e-23
0.703333333333   0.277866674374   2.76240378573e-20
0.707   0.159431317767   4.04000405583e-23
0.710666666667   0.00497813677831   1.30812188415e-22
0.714333333333   0.0266332764411   4.91038984957e-22
0.718   0.279740391687   5.64758358713e-23
0.721666666667   0.00229724382564   1.74918257934e-23
0.725333333333   0.610684243057   1.10009329466e-24
0.729   3.46357796208   2.0195336049e-22
0.732666666667   2.26657576854   7.22675933448e-17
0.736333333333   0.893355956472   2.33415240405e-13
0.74   0.583291167128   3.70054474666e-11
0.743666666667   0.389266841104   1.26531809161e-09
0.747333333333   0.21838061937   2.16504448923e-07
0.751   0.126369405795   4.35836207805e-05
0.754666666667   0.105768160478   0.00105514596999
0.758333333333   0.105399171453   0.0036803374823
0.762   0.105268179164   0.00648076113696
0.765666666667   0.105057297843   0.00926104734681
0.769333333333   0.104890484712   0.0120155181816
0.773   0.104766696468   0.0147432338606
0.776666666667   0.104605157538   0.0174487483389
0.780333333333   0.104446390269   0.020130432197
0.784   0.104251080811   0.0227919362317
0.787666666667   0.104136965589   0.0254235867111
0.791333333333   0.103986282689   0.0280356465656
0.795   0.103799990437   0.0306293851222
0.798666666667   0.103692816873   0.033192239222
0.802333333333   0.10354999144   0.0357373281646
0.806   0.103409736796   0.0382606666468
0.809666666667   0.103272012118   0.0407625151317
0.813333333333   0.103100261395   0.0432487461697
0.817   0.102967902286   0.0457086730815
0.820666666667   0.102838002444   0.0481478903878
0.824333333333   0.102746057341   0.0505603500489
0.828   0.102585511056   0.0529652482004
0.831666666667   0.102497682687   0.0553371793317
0.835333333333   0.102377058635   0.0576959564375
0.839   0.102224660567   0.0600423467369
0.842666666667   0.102109054297   0.0623626421064
0.846333333333   0.101995747347   0.0646639665184
0.85   0.101884719837   0.0669465364499
0.853666666667   0.101808674758   0.0692029313083
0.857333333333   0.101669409312   0.0714563566255
0.861   0.101565084185   0.0736840606266
0.864666666667   0.101494610728   0.0758858725405
0.868333333333   0.101362970031   0.0780861010011
0.872   0.101265147523   0.0802608726872
0.875666666667   0.10120005471   0.0824101130535
0.879333333333   0.101106105706   0.0845505653153
0.883   0.100984338403   0.0866826758261
0.886666666667   0.10089489475   0.0887897875456
0.890333333333   0.10080748442   0.0908804633974
0.894   0.100722102319   0.0929549262856
0.897666666667   0.100638727718   0.0950133458872
0.901333333333   0.100585467114   0.0970471781442
0.905   0.100477900043   0.0990828025579
0.908666666667   0.100400417265   0.101094231678
0.912333333333   0.100351941197   0.10308152323
0.916   0.100276956256   0.105062359646
0.919666666667   0.100915376026   0.106620024019
0.923333333333   0.10387267455   0.106869321145
0.927   0.106803318039   0.107115421604
0.930666666667   0.109671756012   0.107375158359
0.934333333333   0.112594911092   0.107612060898
0.938   0.115417724941   0.107873467147
0.941666666667   0.11828111139   0.108118037132
0.945333333333   0.121081203029   0.108373484671
0.949   0.123888049428   0.108620099622
0.952666666667   0.126597662517   0.109305365675
0.956333333333   0.127084364067   0.110443946058
0.96   0.131973246328   0.110141636589
0.963666666667   0.129204243709   0.113573833104
0.967333333333   0.123673537267   0.118344917865
0.971   0.137126992173   0.113742850499
0.974666666667   0.138651555953   0.115131190821
0.978333333333   0.181475860242   0.102745703491
0.982   0.191217331839   0.100064634809
0.985666666667   0.196471548753   0.10052837499
0.989333333333   0.194789386516   0.104125518999
0.993   0.314823585064   0.0811739369287
0.996666666667   0.421329287843   0.0686316024698
1.00033333333   0.353821159944   0.0789589716495
1.004   0.587154819203   0.0547645604235
1.00766666667   0.246429664001   0.0961418885874
1.01133333333   0.287526926979   0.0932275935025
1.015   0.180837824259   0.115666630465
1.01866666667   0.249222769007   0.10055203468
1.02233333333   0.284206444731   0.0952584453845
1.026   0.201025139665   0.113479246758
1.02966666667   0.22666422636   0.108399348337
1.03333333333   0.292737641849   0.096235572588
1.037   0.177569050584   0.127706926471
1.04066666667   0.182895034962   0.128300380259
1.04433333333   0.235804298386   0.111582560677
1.048   0.239251330271   0.112944356722
1.05166666667   0.180505986294   0.128026155691
1.05533333333   0.191772765452   0.126137772228
1.059   0.20280526576   0.12541845708
1.06266666667   0.182859550534   0.133115329735
1.06633333333   0.20906962653   0.124646193217
1.07   0.249199042146   0.115328914607
1.07366666667   0.16167723271   0.146353017487
1.07733333333   0.202296886855   0.127371613168
1.081   0.213527119255   0.12780249317
1.08466666667   0.158463417398   0.156613792472
1.08833333333   0.164156192499   0.154235390912
1.092   0.163535577356   0.156652980616
1.09566666667   0.194366214482   0.141548065616
1.09933333333   0.213242461762   0.136753404442
1.103   0.165195908033   0.153195147117
1.10666666667   0.25536106018   0.126193215607
1.11033333333   0.163842641207   0.157373781848
1.114   0.26460813583   0.122176387427
1.11766666667   0.273234860489   0.123926682912
1.12133333333   0.286416292741   0.123111527349
1.125   0.273770496145   0.130416235864
1.12866666667   0.241122991861   0.136953946385
1.13233333333   0.341817386102   0.115137373533
1.136   0.266295367971   0.12766979872
1.13966666667   0.421905398694   0.100403204543
1.14333333333   0.327739810193   0.119166995386
1.147   0.3769102232   0.112734730926
1.15066666667   0.377276572241   0.107562432921
1.15433333333   0.269084980834   0.135264251596
1.158   0.36387925259   0.113675192904
1.16166666667   0.220913566617   0.149413463255
1.16533333333   0.205448737835   0.161356990059
1.169   0.283914899601   0.133019679443
1.17266666667   0.290526350951   0.132077011823
1.17633333333   0.262266238287   0.144912051006
1.18   0.281686244663   0.14346124693
1.18366666667   0.193307057823   0.175118538172
1.18733333333   0.252505181446   0.155328163291
1.191   0.121734177777   0.233278469372
1.19466666667   0.11982723633   0.237087726771
1.19833333333   0.328596418283   0.139247947289
1.202   0.220986196926   0.176774285603
1.20566666667   0.255162930299   0.167799116699
1.20933333333   0.187921407791   0.190079446708
1.213   0.213071238123   0.181463063793
1.21666666667   0.219831093308   0.18080582887
1.22033333333   0.314377394521   0.145718017793
1.224   0.199067108812   0.189232334112
1.22766666667   0.182889381919   0.198442966049
1.23133333333   0.264125152369   0.169475413454
1.235   0.168404870396   0.218605351508
1.23866666667   0.20630541778   0.188390383221
1.24233333333   0.309247754109   0.163932863436
1.246   0.214749020141   0.188856082538
1.24966666667   0.284347240606   0.167860770401
1.25333333333   0.284638279014   0.163355575312
1.257   0.178247328834   0.22423231634
1.26066666667   0.106188155481   0.307624661708
1.26433333333   0.26699094353   0.18738344811
1.268   0.207214275751   0.213208910196
1.27166666667   0.233481864243   0.20007738081
1.27533333333   0.268590125302   0.188588963539
1.279   0.291680468285   0.192768128396
1.28266666667   0.1546964196   0.274194902964
1.28633333333   0.176665827095   0.252750373374
1.29   0.197802841261   0.228994152581
1.29366666667   0.0479099198044   0.526047816585
1.29733333333   0.0482792046237   0.525994959975
1.301   0.0486461277468   0.526208317972
1.30466666667   0.0490120731118   0.526421378586
1.30833333333   0.0493772014941   0.526634243272
1.312   0.0497416562424   0.526846993203
1.31566666667   0.0501055678767   0.527059707062
1.31933333333   0.0504690304082   0.527272428193
1.323   0.0508321582907   0.527485226083
1.32666666667   0.0511950362192   0.527698157658
1.33033333333   0.0515577570055   0.527911251484
1.334   0.0519203426766   0.528124576847
1.33766666667   0.0522829074553   0.528338150315
1.34133333333   0.0526454938498   0.528552009072
1.345   0.0530081470704   0.528766193205
1.34866666667   0.0533709469907   0.528980704459
1.35233333333   0.0537338770134   0.529195623983
1.356   0.0540970356523   0.529410910027
1.35966666667   0.054460428331   0.529626636414
1.36333333333   0.0548241012345   0.529842803936
1.367   0.0551880701516   0.530059457885
1.37066666667   0.0555523860442   0.530276599853
1.37433333333   0.0559170752067   0.530494170894
1.378   0.0562821307007   0.530712312248
1.38166666667   0.0566476110972   0.530930970008
1.38533333333   0.0570135207996   0.531150171759
1.389   0.0573798832089   0.531369935282
1.39266666667   0.0577467163735   0.531590263845
1.39633333333   0.0581140403261   0.531811172792
0.3   0.00133730821428   6.8929733518e-26
0.303666666667   0.0122340122676   3.08761625911e-21
0.307333333333   0.0791224023429   1.23501663814e-24
0.311   0.0988317030827   1.18257833781e-25
0.314666666667   0.124707844609   1.60790241469e-23
0.318333333333   0.0248913054222   1.23120376146e-20
0.322   0.0661296126249   4.78034392105e-26
0.325666666667   0.00804932172173   2.59037619819e-22
0.329333333333   0.00902133276324   6.96218896959e-25
0.333   0.00230469054081   2.65295685047e-24
0.336666666667   0.00751358689759   6.35938629673e-23
0.340333333333   0.0356876392568   4.56459669789e-23
0.344   0.0030410562189   5.14233171672e-24
0.347666666667   0.127464837242   1.97074766734e-25
0.351333333333   0.0223136800395   2.4099760536e-25
0.355   0.00229176279431   1.41525635943e-22
0.358666666667   0.267753768098   1.38580434574e-21
0.362333333333   0.000822489328993   1.56756643453e-22
0.366   0.00115102418022   8.53810001283e-24
0.369666666667   0.00553140790269   1.22525069275e-21
0.373333333333   0.270769317612   6.19556453456e-22
0.377   0.00170901303034   2.67222175812e-23
0.380666666667   0.00137729411159   1.7838665222e-26
0.384333333333   0.110603891368   9.2022565678e-27
0.388   0.0329990338786   2.23333086577e-29
0.391666666667   0.0203110995304   7.10987399034e-24
0.395333333333   0.00822276448103   7.12504141863e-24
0.399   0.000853835259069   1.67164516164e-22
0.402666666667   0.00451029246936   7.9087904021e-27
0.406333333333   0.00206460294725   1.77274141956e-24
0.41   0.0568512259389   6.94831496746e-26
0.413666666667   0.050269540001   4.42325372387e-26
0.417333333333   0.0150215656884   4.04446681482e-30
0.421   0.0070163757937   2.91617699313e-21
0.424666666667   0.312275024674   5.18987241844e-26
0.428333333333   0.0842369412188   4.22632850805e-26
0.432   0.203883058664   5.97852505095e-25
0.435666666667   0.00110396068361   4.17254328466e-22
0.439333333333   0.00194257435703   3.37205055219e-22
0.443   0.000253988429682   4.50529585065e-23
0.446666666667   0.308023351609   8.34602389709e-28
0.450333333333   0.0016670814561   8.76445445377e-25
0.454   0.0731992485312   4.01133767797e-23
0.457666666667   0.00056651277262   1.10743549715e-22
0.461333333333   0.00338354340945   2.95459978891e-25
0.465   0.00568724111264   8.46169465525e-25
0.468666666667   0.0104657872327   8.07489742041e-23
0.472333333333   0.00234863115135   1.22260867939e-23
0.476   0.00342013392266   4.42852585163e-23
0.479666666667   0.10951426116   1.89035793784e-24
0.483333333333   0.000970569031237   5.62986191914e-25
0.487   0.00659588108535   3.72854854385e-26
0.490666666667   1.01679322029e-05   8.35964592986e-23
0.494333333333   0.0315582048639   3.27658992987e-23
0.498   0.00154595056093   4.71639809353e-25
0.501666666667   0.000759137735482   1.15014158034e-23
0.505333333333   0.0582485885605   3.12347015751e-23
0.509   0.0379928656566   5.65248653997e-22
0.512666666667   0.00212408873372   6.86161772643e-25
0.516333333333   0.00514845856592   7.12695015595e-21
0.52   0.171173297378   1.5616876726e-25
0.523666666667   0.00763243009852   2.90433069198e-27
0.527333333333   0.0204737129161   4.1102589775e-23
0.531   0.0456199380862   1.29326947712e-21
0.534666666667   0.00053356443862   3.15595370263e-24
0.538333333333   0.00113239573851   9.2738090462e-31
0.542   0.0399453528133   6.75004741793e-23
0.545666666667   0.0163006505829   3.09310189001e-25
0.549333333333   0.0182665917852   4.6886208926e-24
0.553   0.24976208762   5.34231359696e-27
0.556666666667   0.0032073220428   1.01317402192e-26
0.560333333333   0.00243198196981   1.36079775809e-25
0.564   0.0506205930879   2.11618976785e-25
0.567666666667   0.00389477893407   2.36543498856e-24
0.571333333333   0.00654509392244   3.20929969554e-28
0.575   0.0303420668541   1.6127572238e-28
0.578666666667   0.00134756436738   3.50470629806e-26
0.582333333333   0.000473869328676   1.43973554569e-22
0.586   0.0154358734122   8.55905859153e-25
0.589666666667   0.00161615775525   3.76415084501e-23
0.593333333333   0.0795187635814   1.67489078701e-23
0.597   0.00153740940926   3.83518288713e-23
0.600666666667   0.0635402751436   2.33570989841e-24
0.604333333333   0.00120156973557   8.66022526034e-24
0.608   0.0300591090659   7.10111954826e-24
0.611666666667   0.0374055742462   5.11008460395e-26
0.615333333333   4.35010130524e-05   3.55431299594e-25
0.619   0.003856865514   2.50295831725e-24
0.622666666667   0.00224974046749   1.98785812135e-21
0.626333333333   0.00567666546426   1.07474530753e-23
0.63   0.312489579371   1.81596237775e-24
0.633666666667   0.00211396860209   5.3289137722e-24
0.637333333333   0.208372812869   6.02091041214e-22
0.641   0.103365229892   8.23269512872e-24
0.644666666667   0.203290553429   5.22156987153e-25
0.648333333333   0.00503545378914   3.81706336653e-23
0.652   0.00302692028526   7.44373193969e-24
0.655666666667   0.00146601492873   7.76748053391e-24
0.659333333333   0.00728390676209   1.46970469505e-26
0.663   0.0128413367726   7.78448084907e-24
0.666666666667   0.00886175272045   1.59109947958e-23
0.670333333333   0.207219197162   3.1289827791e-21
0.674   0.00305400736146   6.91445315459e-24
0.677666666667   0.286959464864   2.25935012553e-25
0.681333333333   0.0865194354599   1.46508239892e-22
0.685   0.120308223834   7.73294660035e-26
0.688666666667   0.0250865250608   9.58349396433e-26
0.692333333333   0.115923906294   2.98672267632e-22
0.696   0.183174790155   1.36060484586e-22
0.699666666667   0.230228905165   1.30043384746e-23
0.703333333333   0.0159198440519   3.37628880428e-21
0.707   0.000956635558786   7.20775756054e-25
0.710666666667   0.384030210228   1.60996848348e-21
0.714333333333   0.174230399439   5.74654985982e-22
0.718   0.0408390380694   8.31174604699e-23
0.721666666667   0.148489129195   6.90660379462e-26
0.725333333333   0.128122888786   1.59632077195e-22
0.729   0.751751657   9.13984890511e-24
0.732666666667   2.20557668539   4.69819541134e-16
0.736333333333   1.00846541827   2.09800165303e-13
0.74   0.552107885984   3.34641603689e-11
0.743666666667   0.389195863986   3.64135887393e-09
0.747333333333   0.218567409445   1.14971388015e-07
0.751   0.126140581587   3.2698366427e-05
0.754666666667   0.105738643915   0.00103965186035
0.758333333333   0.105399145393   0.00368056864448
0.762   0.105268138227   0.00648075188051
0.765666666667   0.105098171372   0.00925959022007
0.769333333333   0.104931019429   0.0120136264317
0.773   0.104766698428   0.0147432801947
0.776666666667   0.104605161893   0.0174487662104
0.780333333333   0.104446385928   0.0201304484526
0.784   0.104290321515   0.0227886292861
0.787666666667   0.104098047476   0.0254272404193
0.791333333333   0.103986279299   0.0280356490118
0.795   0.10379999023   0.0306293741334
0.798666666667   0.103654920278   0.0331968201279
0.802333333333   0.103512422312   0.0357421793004
0.806   0.103409740646   0.0382606635483
0.809666666667   0.103272021785   0.0407624992321
0.813333333333   0.10310026793   0.0432487683789
0.817   0.103004107416   0.0457028132988
0.820666666667   0.102837988241   0.0481478907436
0.824333333333   0.102746060224   0.0505603536012
0.828   0.102620671952   0.0529587219865
0.831666666667   0.102497681174   0.0553371845039
0.835333333333   0.102377060135   0.0576959554003
0.839   0.102224656131   0.0600423432828
0.842666666667   0.102142832825   0.0623554160523
0.846333333333   0.102029170774   0.0646565759317
0.85   0.101917798185   0.0669390109429
0.853666666667   0.101775937993   0.0692106018257
0.857333333333   0.101669417265   0.0714563647352
0.861   0.101565080232   0.0736840536021
0.864666666667   0.101494613034   0.0758858746587
0.868333333333   0.10136297296   0.0780860882082
0.872   0.101265143166   0.0802608694521
0.875666666667   0.101200053314   0.0824101114817
0.879333333333   0.101106108438   0.0845505622263
0.883   0.101014241039   0.0866742149406
0.886666666667   0.10092443847   0.0887812526685
0.890333333333   0.100836667458   0.0908718756767
0.894   0.100722098543   0.0929549229815
0.897666666667   0.100667212101   0.0950046411331
0.901333333333   0.100557331617   0.0970559095233
0.905   0.100505684643   0.0990740446094
0.908666666667   0.100427849692   0.10108543244
0.912333333333   0.100324857724   0.103090347087
0.916   0.100251362162   0.105071802933
0.919666666667   0.100943393645   0.106610607438
0.923333333333   0.103875949247   0.106867884582
0.927   0.106803331778   0.107115416885
0.930666666667   0.109703969708   0.107365821667
0.934333333333   0.112594925314   0.107612055182
0.938   0.115417749267   0.107873450713
0.941666666667   0.118303133661   0.108110638722
0.945333333333   0.121104423951   0.108367874757
0.949   0.123882108711   0.108624213117
0.952666666667   0.125585983924   0.109389795236
0.956333333333   0.128724238502   0.11015037613
0.96   0.127515488566   0.112279041307
0.963666666667   0.126857602761   0.114466925975
0.967333333333   0.128007059679   0.1155783341
0.971   0.13308934157   0.116323640313
0.974666666667   0.143465152099   0.112419364792
0.978333333333   0.179856218797   0.103010332047
0.982   0.20003853095   0.1005297825
0.985666666667   0.209295417948   0.0972960070937
0.989333333333   0.217009362387   0.0968342693465
0.993   0.275416891976   0.0895170457098
0.996666666667   0.321900563254   0.0831460544016
1.00033333333   0.289481266258   0.0884001915911
1.004   0.603974692329   0.0566635046684
1.00766666667   0.246279127718   0.0961601726576
1.01133333333   0.245310168393   0.0983698754155
1.015   0.288260621374   0.0900024803327
1.01866666667   0.341576410609   0.0821406784594
1.02233333333   0.234526065803   0.101256504014
1.026   0.176886129527   0.123084802672
1.02966666667   0.20838826998   0.110672552906
1.03333333333   0.241746049909   0.107981204749
1.037   0.217435091301   0.109834802948
1.04066666667   0.241846213635   0.106738873702
1.04433333333   0.22431083227   0.113921217235
1.048   0.214389880052   0.12178909457
1.05166666667   0.168973385574   0.131639529275
1.05533333333   0.208116448064   0.124161465992
1.059   0.245264651363   0.11223554913
1.06266666667   0.317804178069   0.101562235126
1.06633333333   0.225190413367   0.118914552608
1.07   0.225308739759   0.12146474272
1.07366666667   0.183127049706   0.137911988365
1.07733333333   0.15332071116   0.151036223145
1.081   0.191180032522   0.137219706305
1.08466666667   0.158450768021   0.156620809488
1.08833333333   0.164302472898   0.154193300283
1.092   0.168109315625   0.153668921721
1.09566666667   0.193098014072   0.141451380282
1.09933333333   0.184286475754   0.147244840518
1.103   0.247452694215   0.126761830857
1.10666666667   0.235364904512   0.127677180574
1.11033333333   0.194859479895   0.143635162739
1.114   0.188179647007   0.145847600478
1.11766666667   0.314324739064   0.116368807631
1.12133333333   0.218148926619   0.140231978001
1.125   0.337851869477   0.115720327239
1.12866666667   0.368871436301   0.104416841044
1.13233333333   0.292447815967   0.120905171002
1.136   0.304393583292   0.123413453032
1.13966666667   0.377023474208   0.11208615731
1.14333333333   0.464468212952   0.0981398664693
1.147   0.377912665128   0.105220365194
1.15066666667   0.281720018885   0.132770478581
1.15433333333   0.32384056022   0.122140450552
1.158   0.306936527177   0.128788156921
1.16166666667   0.272671536188   0.13783759659
1.16533333333   0.248695630434   0.145882578705
1.169   0.272537568956   0.138213600246
1.17266666667   0.268158886339   0.146639657902
1.17633333333   0.285999903213   0.134760288569
1.18   0.257124697082   0.15505680054
1.18366666667   0.244895633373   0.156398446008
1.18733333333   0.303380480581   0.13346238806
1.191   0.121759194583   0.233254648041
1.19466666667   0.11868558469   0.238373228998
1.19833333333   0.261126071094   0.151653213868
1.202   0.340067184902   0.134953195138
1.20566666667   0.1935611806   0.190338524793
1.20933333333   0.179051174312   0.188391922146
1.213   0.183776528625   0.191654327754
1.21666666667   0.180681610175   0.205994240213
1.22033333333   0.31819618924   0.143668872171
1.224   0.155590135056   0.206489417293
1.22766666667   0.267756175733   0.156132106695
1.23133333333   0.199596969745   0.198974865156
1.235   0.274150011749   0.165031582985
1.23866666667   0.183103768442   0.204297371342
1.24233333333   0.191013160205   0.209414579576
1.246   0.24517878001   0.187360144749
1.24966666667   0.227841747335   0.191898100378
1.25333333333   0.186957830588   0.218323595323
1.257   0.257176755452   0.189128211043
1.26066666667   0.106138833072   0.30780378661
1.26433333333   0.157432740841   0.25639520845
1.268   0.143208829851   0.259555998185
1.27166666667   0.223875705295   0.215533983491
1.27533333333   0.166474812621   0.246985923664
1.279   0.204643463579   0.224653911783
1.28266666667   0.199124068907   0.246905976062
1.28633333333   0.199904279966   0.246109341488
1.29   0.230755765593   0.235046186187
1.29366666667   0.0479111138703   0.525781218685
1.29733333333   0.0482792021751   0.525994956886
1.301   0.0486461275522   0.526208316492
1.30466666667   0.0490120713738   0.526421377906
1.30833333333   0.049377203294   0.526634243332
1.312   0.0497416591109   0.526846991159
1.31566666667   0.0501055650816   0.527059702461
1.31933333333   0.050469030726   0.527272422346
1.323   0.050832158518   0.527485223943
1.32666666667   0.051195036362   0.527698155411
1.33033333333   0.0515577570055   0.527911251484
1.334   0.0519203438735   0.528124575617
1.33766666667   0.0522829074943   0.52833815773
1.34133333333   0.0526454917803   0.528552013628
1.345   0.0530081548851   0.528766192301
1.34866666667   0.0533709541053   0.52898069328
1.35233333333   0.0537338811013   0.529195609246
1.356   0.0540970172471   0.529410928147
1.35966666667   0.0544604301716   0.529626635069
1.36333333333   0.0548241012345   0.529842803936
1.367   0.0551880691198   0.53005945327
1.37066666667   0.0555523870605   0.530276571448
1.37433333333   0.0559170678277   0.530494193234
1.378   0.0562821320769   0.530712310837
1.38166666667   0.0566476150254   0.530930979384
1.38533333333   0.0570135202952   0.53115017457
1.389   0.05737988291   0.531369936438
1.39266666667   0.0577467199831   0.531590259746
1.39633333333   0.0581140436415   0.531811182501
0.3   0.00469146034245   6.01672341879e-25
0.303666666667   0.221077830821   2.21680623458e-22
0.307333333333   0.0192798980141   5.87840469585e-22
0.311   0.00764282493452   4.51598143707e-23
0.314666666667   0.0117312242049   3.18795274671e-28
0.318333333333   0.001835763431   1.42601953114e-23
0.322   0.312292702118   1.52701505682e-22
0.325666666667   0.108907720586   2.12414633403e-27
0.329333333333   0.00208594977897   1.80661380201e-25
0.333   0.00109395277285   2.04130199027e-24
0.336666666667   0.000831800406185   2.01014131802e-25
0.340333333333   0.0307683362488   3.88128220054e-24
0.344   0.0210394237878   7.48030292863e-22
0.347666666667   0.45843015011   7.70339814371e-28
0.351333333333   0.0698306962845   1.10765408925e-24
0.355   0.00103433666078   2.06127359587e-24
0.358666666667   0.129279685288   4.68007070632e-24
0.362333333333   0.0357195656834   1.61524363729e-23
0.366   0.0222394013419   4.32057325421e-21
0.369666666667   0.0176625720126   5.67748185308e-23
0.373333333333   0.00241143300926   3.00905873203e-24
0.377   2.57725918405e-05   9.79998642085e-27
0.380666666667   0.00127878222247   1.09535174577e-25
0.384333333333   0.130822441006   1.10919721074e-24
0.388   0.0547793224735   9.24063392808e-25
0.391666666667   0.290033754316   5.35420738876e-24
0.395333333333   0.274825896361   2.24994349029e-22
0.399   0.0614583986596   2.55852418068e-23
0.402666666667   0.0160231106219   2.30650608762e-26
0.406333333333   0.00179279721415   7.80241546228e-24
0.41   0.0766027942768   4.62671207597e-28
0.413666666667   0.263473383689   2.52148806157e-22
0.417333333333   0.0595258263825   2.01852509179e-31
0.421   0.00218257953864   2.18751968217e-21
0.424666666667   0.00135165867769   1.03556376092e-31
0.428333333333   0.0643439626758   3.93228348355e-25
0.432   0.255609721439   6.11134388354e-24
0.435666666667   0.0375275031649   3.84761184964e-24
0.439333333333   0.0093265922645   7.45559960168e-25
0.443   0.00789186670832   9.45942769099e-25
0.446666666667   0.0930193951123   1.72934984679e-23
0.450333333333   0.00709648663439   1.33586350663e-24
0.454   0.00229859205792   3.01551377684e-24
0.457666666667   0.242406950566   1.03347622673e-21
0.461333333333   0.0192401116176   1.68252815056e-24
0.465   0.115952474146   7.71758953986e-22
0.468666666667   0.000519375623418   3.21995048237e-28
0.472333333333   0.148511949034   3.23730978433e-21
0.476   0.0264716563504   1.01167685943e-25
0.479666666667   0.00119298049381   3.82566282609e-22
0.483333333333   0.00100554543604   1.0040422559e-27
0.487   0.00241646209381   5.01273486977e-26
0.490666666667   0.00501656003255   3.08323174403e-24
0.494333333333   0.000688925767642   7.90506334726e-25
0.498   0.272611297228   4.14114866811e-25
0.501666666667   0.0135373236242   1.25666830446e-24
0.505333333333   0.00196171625247   5.9123096191e-24
0.509   0.0131711351727   5.82091294649e-22
0.512666666667   0.00140411771448   8.82141932479e-27
0.516333333333   0.29648466269   4.06514250566e-24
0.52   0.0655775908935   6.865479172e-23
0.523666666667   0.0698443782244   1.69413890342e-29
0.527333333333   0.000885530439272   3.43728643126e-25
0.531   0.00130294371811   1.21779026992e-24
0.534666666667   0.0058801320635   4.26269410297e-25
0.538333333333   2.01522837659e-06   1.35803064748e-22
0.542   0.00177171181219   3.24505103007e-22
0.545666666667   0.0133907320689   5.68666686371e-23
0.549333333333   0.00169390350038   1.56835617372e-24
0.553   0.0786947079627   8.94556008194e-25
0.556666666667   0.0112060820756   1.74719994403e-22
0.560333333333   0.199481313639   2.22751918945e-26
0.564   0.00203329822651   7.05739781853e-29
0.567666666667   0.0110385580234   1.14401318116e-23
0.571333333333   0.00329247403376   7.86099756089e-21
0.575   0.00630284847248   3.23810365839e-24
0.578666666667   0.739581078193   2.51737239415e-27
0.582333333333   0.0203966300948   6.37675932461e-23
0.586   0.00394552426956   2.59813939595e-24
0.589666666667   0.45168461153   3.06395958434e-22
0.593333333333   0.0686589760555   8.11960298933e-23
0.597   0.00279994376361   3.94161423114e-24
0.600666666667   0.026270552623   1.06661143879e-21
0.604333333333   0.00109896297007   6.68246729084e-29
0.608   0.00838982708472   1.19689607411e-22
0.611666666667   0.00907223398271   3.68691122504e-23
0.615333333333   0.0156242344158   2.27042885258e-26
0.619   0.300092701561   5.17291530811e-25
0.622666666667   0.00303407351911   1.82667076708e-24
0.626333333333   0.00124065580483   8.0741742296e-23
0.63   0.410283828422   3.392094358e-22
0.633666666667   0.109092396931   1.71779987172e-26
0.637333333333   0.00233788633189   1.23151515414e-25
0.641   0.000649985343738   6.72747328249e-27
0.644666666667   0.00665779813153   2.0169063516e-25
0.648333333333   0.023913951424   4.63657864337e-22
0.652   0.00610751700102   1.89968087368e-21
0.655666666667   0.0177670288502   1.27339493453e-24
0.659333333333   0.193597412442   4.5776837745e-22
0.663   0.137966392057   6.56509058939e-22
0.666666666667   0.041282269134   2.60983082732e-26
0.670333333333   0.000516917993347   5.89471583355e-23
0.674   0.0911137470633   3.81177331368e-23
0.677666666667   0.00285386959093   2.39425299308e-22
0.681333333333   0.0888554758469   2.93842656197e-27
0.685   0.00950271511773   7.92292781821e-22
0.688666666667   0.135043286483   1.02953626574e-21
0.692333333333   0.150806358302   3.75433411761e-23
0.696   0.00382230263517   5.5354329614e-25
0.699666666667   0.0634436803045   1.40128907748e-24
0.703333333333   0.0161286445314   7.85653353051e-21
0.707   0.0208340944663   1.67676170957e-23
0.710666666667   0.00419368317037   4.22064978358e-27
0.714333333333   0.00246058963462   2.16755254197e-21
0.718   0.264316971805   1.10838883075e-21
0.721666666667   0.170322331572   2.78566465595e-26
0.725333333333   0.676425651477   1.70130553814e-20
0.729   0.118427801319   3.30164135893e-22
0.732666666667   4.16261302964   2.59993303315e-22
0.736333333333   0.685401331471   1.44527599087e-13
0.74   0.586497969689   2.87116928914e-11
0.743666666667   0.382765083308   1.86822179742e-10
0.747333333333   0.218405617625   1.28121003169e-07
0.751   0.128949528835   3.56019967291e-05
0.754666666667   0.105755924589   0.00104887533781
0.758333333333   0.105444103475   0.00367950735793
0.762   0.105226995073   0.00648147425203
0.765666666667   0.10509815738   0.00925958448966
0.769333333333   0.104890490017   0.0120154928036
0.773   0.10472648543   0.0147455105816
0.776666666667   0.104565266082   0.0174513901497
0.780333333333   0.104446382572   0.020130434067
0.784   0.104290316012   0.0227886140663
0.787666666667   0.104136957583   0.0254235848578
0.791333333333   0.103986278357   0.0280356446146
0.795   0.103799989534   0.030629378839
0.798666666667   0.103692814442   0.0331922354765
0.802333333333   0.103549991752   0.0357373317617
0.806   0.103409731793   0.0382606664483
0.809666666667   0.103272013399   0.0407625089212
0.813333333333   0.103136819131   0.0432431172377
0.817   0.103004102587   0.0457027940815
0.820666666667   0.102873860248   0.0481417998734
0.824333333333   0.10274605997   0.0505603486902
0.828   0.102620673616   0.0529587294391
0.831666666667   0.102462850735   0.0553438704458
0.835333333333   0.102377061768   0.0576959643717
0.839   0.102224655841   0.0600423461853
0.842666666667   0.102142826894   0.0623554080679
0.846333333333   0.102029174158   0.0646565805557
0.85   0.101884720175   0.0669465356716
0.853666666667   0.101808674092   0.0692029283449
0.857333333333   0.101669409036   0.071456356396
0.861   0.101597102756   0.073676145609
0.864666666667   0.101494610567   0.0758858768963
0.868333333333   0.101362971394   0.0780860955798
0.872   0.101296107452   0.0802526519567
0.875666666667   0.101200056583   0.0824101112175
0.879333333333   0.101106107826   0.0845505620261
0.883   0.101014239496   0.0866742108406
0.886666666667   0.100924435148   0.0887812424677
0.890333333333   0.100807486776   0.0908804645481
0.894   0.100750945613   0.0929462704457
0.897666666667   0.100638722582   0.0950133436263
0.901333333333   0.100585467114   0.0970471781442
0.905   0.100477901315   0.0990828173781
0.908666666667   0.100400416297   0.101094230321
0.912333333333   0.100324859312   0.103090343363
0.916   0.100251095051   0.105070812989
0.919666666667   0.10091477981   0.106620377907
0.923333333333   0.103875953963   0.106867882706
0.927   0.106767662461   0.107126656925
0.930666666667   0.109703965108   0.107365827667
0.934333333333   0.11255509292   0.107624096473
0.938   0.115459379473   0.107861129628
0.941666666667   0.118303142214   0.108110638933
0.945333333333   0.121104421456   0.108367872865
0.949   0.123921651054   0.108614165326
0.952666666667   0.125007285311   0.109921274645
0.956333333333   0.126527500816   0.111302998983
0.96   0.13158232553   0.110446960502
0.963666666667   0.126686534656   0.115044788219
0.967333333333   0.129167439854   0.116143043271
0.971   0.135394191756   0.114511493164
0.974666666667   0.138962235528   0.115290576148
0.978333333333   0.17567576753   0.102885521852
0.982   0.156488219575   0.111948665861
0.985666666667   0.189594710792   0.102070850142
0.989333333333   0.203753293627   0.101591838026
0.993   0.21173845924   0.100883530128
0.996666666667   0.387915894277   0.073170033366
1.00033333333   0.299663816879   0.0857415153267
1.004   0.326208978215   0.0816940027775
1.00766666667   0.246279435228   0.0961600831899
1.01133333333   0.270655113801   0.0942998153042
1.015   0.286146376348   0.0905476777365
1.01866666667   0.256484098658   0.0988001807856
1.02233333333   0.18818474417   0.115621343729
1.026   0.228428813472   0.109084710817
1.02966666667   0.202723135378   0.114709665787
1.03333333333   0.189515886698   0.12268133956
1.037   0.169176356452   0.127393887352
1.04066666667   0.21735178589   0.115091673123
1.04433333333   0.247771982332   0.107945922964
1.048   0.165852782486   0.131340547929
1.05166666667   0.258484756949   0.107877587349
1.05533333333   0.217717978474   0.120787843465
1.059   0.191094241908   0.128788990507
1.06266666667   0.193237403927   0.12706500922
1.06633333333   0.202870663827   0.125155246387
1.07   0.199261468971   0.127927737695
1.07366666667   0.235761648257   0.115989872722
1.07733333333   0.169445640579   0.14064973499
1.081   0.234696605119   0.122023050272
1.08466666667   0.158321497305   0.156656649425
1.08833333333   0.164287534983   0.154200852291
1.092   0.162156533248   0.158327738301
1.09566666667   0.213224860061   0.132335086302
1.09933333333   0.18402684231   0.145503723194
1.103   0.172006247418   0.154765564468
1.10666666667   0.185800961433   0.143843220986
1.11033333333   0.201460509891   0.143190757238
1.114   0.209506325192   0.140065555107
1.11766666667   0.209866522989   0.139631932733
1.12133333333   0.248633362427   0.126958577471
1.125   0.251925394745   0.128815705316
1.12866666667   0.200896391049   0.145511969527
1.13233333333   0.237489613271   0.139383418812
1.136   0.332938563373   0.117180696612
1.13966666667   0.432122375139   0.104130571234
1.14333333333   0.373480756474   0.110160281549
1.147   0.348627841005   0.117208155741
1.15066666667   0.458228922473   0.09862978525
1.15433333333   0.339985997476   0.119775321056
1.158   0.240420801358   0.148485612941
1.16166666667   0.212526149988   0.155478741375
1.16533333333   0.243379956316   0.140152271272
1.169   0.293286015174   0.133419774717
1.17266666667   0.317792210766   0.128117841159
1.17633333333   0.288834562273   0.132951578032
1.18   0.243344118912   0.148327081486
1.18366666667   0.268284683041   0.149989679088
1.18733333333   0.316419713212   0.134504754236
1.191   0.121734175872   0.233278468308
1.19466666667   0.119104173699   0.237798691562
1.19833333333   0.142804445918   0.219037096322
1.202   0.23308110878   0.174870129117
1.20566666667   0.137469042499   0.224788065376
1.20933333333   0.210579429203   0.181576638488
1.213   0.234049699944   0.178430966467
1.21666666667   0.255741995206   0.164446249358
1.22033333333   0.245427372312   0.165157910652
1.224   0.255810001648   0.172061477163
1.22766666667   0.263783935122   0.165569361159
1.23133333333   0.156172425956   0.228074197538
1.235   0.259624437531   0.167460288564
1.23866666667   0.255865887649   0.166384438557
1.24233333333   0.242783780439   0.179704450317
1.246   0.230182463932   0.196893452866
1.24966666667   0.249535783726   0.188665474653
1.25333333333   0.381822070237   0.134133536645
1.257   0.268263264212   0.176093044906
1.26066666667   0.106334937707   0.307453895845
1.26433333333   0.196462052006   0.210403618489
1.268   0.18694342841   0.222188253479
1.27166666667   0.221153827993   0.216962596592
1.27533333333   0.269429633651   0.197163764484
1.279   0.232662919166   0.214614285796
1.28266666667   0.167175320262   0.261529230619
1.28633333333   0.172459033421   0.263734519932
1.29   0.20386471666   0.226280830135
1.29366666667   0.0479111127404   0.525781215569
1.29733333333   0.0482792029731   0.525994960499
1.301   0.048646127649   0.526208314809
1.30466666667   0.0490120739462   0.526421376658
1.30833333333   0.0493772034991   0.526634243327
1.312   0.0497416584089   0.526846994874
1.31566666667   0.050105564363   0.527059700087
1.31933333333   0.0504690325524   0.527272425024
1.323   0.0508321582287   0.527485226338
1.32666666667   0.0511950348507   0.527698159902
1.33033333333   0.0515577443852   0.527911287975
1.334   0.0519203427116   0.528124576783
1.33766666667   0.0522829082105   0.528338152408
1.34133333333   0.0526454932473   0.528552010115
1.345   0.0530081470453   0.528766193223
1.34866666667   0.0533709295173   0.528980720103
1.35233333333   0.0537338829711   0.52919560954
1.356   0.0540970172471   0.529410928147
1.35966666667   0.0544604274437   0.529626639232
1.36333333333   0.0548241012344   0.529842803936
1.367   0.0551880708276   0.530059455378
1.37066666667   0.0555523860054   0.530276600545
1.37433333333   0.0559170668165   0.530494185903
1.378   0.0562821285169   0.530712317319
1.38166666667   0.0566476093047   0.530930970137
1.38533333333   0.0570135281224   0.531150183479
1.389   0.0573798821601   0.531369932659
1.39266666667   0.0577467219178   0.531590269172
1.39633333333   0.0581140436422   0.531811182498
0.3   0.218453382943   7.27207146782e-24
0.303666666667   0.00884615471973   1.43724422861e-26
0.307333333333   0.276344710351   2.57373963867e-25
0.311   0.0110998785513   1.64848508012e-21
0.314666666667   0.310165521556   9.61992548825e-22
0.318333333333   0.00893501469671   1.74484980909e-25
0.322   0.0578478151497   1.24231430595e-24
0.325666666667   0.101043788842   2.23037771836e-27
0.329333333333   0.00151927508216   1.27596902229e-25
0.333   0.00342921635887   8.46432764938e-22
0.336666666667   0.0194760781074   2.75130792187e-21
0.340333333333   0.0055623735724   5.97114880976e-22
0.344   0.00284924229139   1.79121320985e-23
0.347666666667   0.0140596020676   9.66541371905e-23
0.351333333333   0.00368280921155   9.98259018766e-22
0.355   0.00938213206685   4.93009576601e-24
0.358666666667   0.025742457728   7.02190814139e-27
0.362333333333   0.294370819498   1.31385429849e-23
0.366   0.109926244802   1.11841509662e-20
0.369666666667   0.0518619797632   9.68655475485e-22
0.373333333333   0.260321308255   3.14896174876e-26
0.377   0.000989305050526   3.04181363004e-27
0.380666666667   0.00791137749005   1.08565547151e-26
0.384333333333   0.0124738531846   7.00548368828e-25
0.388   0.011400038205   2.38946160964e-22
0.391666666667   0.292615175605   2.95606075257e-24
0.395333333333   0.0688258952275   4.72168248398e-26
0.399   0.00911740769965   8.24855073526e-24
0.402666666667   0.933493697289   8.47476513127e-26
0.406333333333   0.0141285391226   3.29247482045e-24
0.41   0.0305304698685   9.44366186338e-26
0.413666666667   0.0175465186241   1.06864925726e-20
0.417333333333   0.0418627611637   4.18376491124e-22
0.421   0.0228509690622   6.03583779117e-22
0.424666666667   0.00683888853686   2.46387345852e-25
0.428333333333   0.0995814715456   1.23481031331e-23
0.432   0.0157497329227   8.43909822868e-21
0.435666666667   0.0124549019884   1.38852483829e-23
0.439333333333   0.0153085895435   1.34381954234e-21
0.443   0.110755755342   2.83529798959e-22
0.446666666667   0.166621912179   3.36987818143e-22
0.450333333333   0.219299810553   4.60477059173e-23
0.454   0.0100365681599   1.20395638729e-23
0.457666666667   0.0138778946107   7.10036985448e-25
0.461333333333   0.00285934570993   9.51657858947e-23
0.465   0.0181682283545   8.35515559235e-24
0.468666666667   0.310583985411   3.36745440773e-25
0.472333333333   0.0627622696783   1.5609103255e-23
0.476   0.00553364082885   1.362346787e-27
0.479666666667   0.00290757231604   2.2669698545e-22
0.483333333333   0.0850241011436   5.29109483585e-25
0.487   5.67607214643e-05   5.37920074354e-26
0.490666666667   0.00203044124701   6.8225894421e-24
0.494333333333   0.0102578369237   3.20426407558e-22
0.498   0.00250727449441   3.82536958886e-27
0.501666666667   0.0252422063239   4.03579230224e-23
0.505333333333   0.30789915486   3.03295963962e-23
0.509   9.37295523385e-05   6.38424933414e-25
0.512666666667   0.241963185499   4.68898198827e-24
0.516333333333   0.014937473395   3.43581302657e-29
0.52   0.00254342365414   5.43478370251e-26
0.523666666667   0.19196079347   1.12988664208e-22
0.527333333333   0.00103658047449   2.09401004643e-22
0.531   0.281595008405   2.35880820708e-23
0.534666666667   0.235743108444   9.61394221226e-24
0.538333333333   0.00225527524014   4.01014028501e-24
0.542   0.312388546304   4.8350172546e-22
0.545666666667   0.0141206207575   1.23257397168e-26
0.549333333333   0.916072023312   2.13450205076e-23
0.553   5.03603035787e-06   2.17066411709e-21
0.556666666667   0.0182012922484   2.64288029813e-24
0.560333333333   0.000915598314287   3.91714746838e-29
0.564   0.00557602401778   4.68454932626e-22
0.567666666667   0.00484100527853   4.31976422975e-25
0.571333333333   0.015008635085   1.80990173014e-23
0.575   0.00436174212472   2.60392590187e-23
0.578666666667   0.165887270609   3.26576200557e-23
0.582333333333   0.0157950975271   1.14323077081e-21
0.586   2.78896533185e-05   6.59304968011e-28
0.589666666667   0.00493785511078   7.13930794689e-28
0.593333333333   0.125628645004   2.68107564262e-24
0.597   0.000568290571604   1.45706032305e-24
0.600666666667   0.0293504615244   3.10677404996e-23
0.604333333333   0.0641823903292   1.60449199408e-22
0.608   0.00467540657012   2.98624005414e-23
0.611666666667   0.00178338695351   1.21327027155e-28
0.615333333333   0.000805426166428   2.4809243638e-22
0.619   0.198596446558   2.93207179572e-27
0.622666666667   1.84647412498   1.86543508899e-26
0.626333333333   0.000552694467047   4.71488151658e-28
0.63   0.000870306542358   5.04951073166e-25
0.633666666667   0.216917294079   1.13754992947e-24
0.637333333333   0.0107217587367   2.05373544555e-26
0.641   0.0790019042343   5.05824954456e-22
0.644666666667   0.0154556981511   5.11191104875e-26
0.648333333333   0.00304674935393   1.2083247527e-21
0.652   0.0123452328055   4.63395181278e-24
0.655666666667   0.420320179798   6.44054761475e-27
0.659333333333   0.00405742385992   3.09853420237e-26
0.663   0.003379636928   6.05118199968e-24
0.666666666667   0.182002441721   4.41513140725e-23
0.670333333333   0.0255644874969   2.90955243872e-23
0.674   0.199053904738   5.70700427505e-25
0.677666666667   0.133936423524   1.93863314267e-24
0.681333333333   0.235300297648   1.67146407535e-25
0.685   0.0144232091985   2.2266157525e-24
0.688666666667   0.0466098707476   1.19472345092e-21
0.692333333333   0.317287566955   7.68753211499e-26
0.696   2.27289474185   7.82877283544e-25
0.699666666667   0.00113005832117   4.14271909747e-25
0.703333333333   0.0119722190806   5.40728077676e-21
0.707   0.231433855981   5.3428310465e-24
0.710666666667   0.0205164730698   3.04829163242e-23
0.714333333333   0.00853842349817   1.44981162882e-22
0.718   0.0997661262773   8.66125010987e-24
0.721666666667   0.00444452400047   1.1076630297e-21
0.725333333333   0.211017257936   2.15098569447e-22
0.729   0.148547686702   1.30312196569e-19
0.732666666667   2.93142423447   6.25365410315e-17
0.736333333333   1.19385644782   2.52307882925e-14
0.74   0.544351496299   2.37505563286e-11
0.743666666667   0.369671530925   2.03142365774e-09
0.747333333333   0.218383081259   5.6005709817e-07
0.751   0.126423345795   4.62725638475e-05
0.754666666667   0.106079178251   0.00105782608245
0.758333333333   0.10539913391   0.00368069223834
0.762   0.10524050453   0.00645383537439
0.765666666667   0.105098144064   0.00925959373539
0.769333333333   0.104931038305   0.0120136365097
0.773   0.104766703702   0.0147432669383
0.776666666667   0.104605170201   0.0174487522563
0.780333333333   0.104406805876   0.0201334161688
0.784   0.104290327265   0.0227886100527
0.787666666667   0.10413696048   0.0254235836915
0.791333333333   0.103986284303   0.0280356368226
0.795   0.103838240439   0.0306251012442
0.798666666667   0.103692825131   0.0331922404237
0.802333333333   0.103549993179   0.035737333766
0.806   0.103409733859   0.0382606639946
0.809666666667   0.103272016945   0.0407625061149
0.813333333333   0.103100268588   0.0432487623006
0.817   0.103004107291   0.0457028100729
0.820666666667   0.102873855162   0.0481417942227
0.824333333333   0.102746066554   0.0505603513057
0.828   0.102620673207   0.0529587263764
0.831666666667   0.102497682263   0.0553371872759
0.835333333333   0.102342580953   0.0577028387195
0.839   0.102224660073   0.0600423540138
0.842666666667   0.102142833083   0.0623554176155
0.846333333333   0.102029171449   0.0646565764064
0.85   0.10191779137   0.0669390104535
0.853666666667   0.101775937911   0.0692106017647
0.857333333333   0.101701779952   0.0714485693919
0.861   0.101597102246   0.0736761452254
0.864666666667   0.101462942212   0.0758938941217
0.868333333333   0.101394288485   0.078077975471
0.872   0.10129611084   0.0802526469621
0.875666666667   0.101169445626   0.0824184141577
0.879333333333   0.101075852781   0.0845589566773
0.883   0.100984340893   0.0866826792045
0.886666666667   0.100924437844   0.0887812513054
0.890333333333   0.100807488799   0.0908804713965
0.894   0.100750946241   0.0929462703804
0.897666666667   0.100638724807   0.0950133399344
0.901333333333   0.100585465554   0.0970471764061
0.905   0.100505688482   0.0990740390567
0.908666666667   0.100427848325   0.101085430812
0.912333333333   0.100351942388   0.103081523387
0.916   0.100251153016   0.105071118372
0.919666666667   0.10094739679   0.106610422494
0.923333333333   0.103872671992   0.106869329722
0.927   0.106798765172   0.107117372634
0.930666666667   0.109703949752   0.107365835793
0.934333333333   0.112588309617   0.107614728951
0.938   0.115459379473   0.107861129628
0.941666666667   0.118281064812   0.10811804386
0.945333333333   0.121104423995   0.108367873885
0.949   0.123903806457   0.108619304561
0.952666666667   0.126093251991   0.109728964684
0.956333333333   0.126528427931   0.111302394475
0.96   0.131811832336   0.110074378779
0.963666666667   0.126935848113   0.115272496105
0.967333333333   0.127557073516   0.116057184726
0.971   0.145801264501   0.11165095918
0.974666666667   0.14683882721   0.110513915334
0.978333333333   0.201294324275   0.0966236397861
0.982   0.192422625014   0.0998643365633
0.985666666667   0.187783352561   0.102748198836
0.989333333333   0.219574018105   0.0983609430784
0.993   0.219033737341   0.102586179695
0.996666666667   0.392068699736   0.0720117517621
1.00033333333   0.240170627142   0.0962131770013
1.004   0.322195541838   0.0821093245778
1.00766666667   0.246362279639   0.0961519665854
1.01133333333   0.348149713809   0.0807931904158
1.015   0.291800944047   0.0876251101526
1.01866666667   0.376306392602   0.0778285494499
1.02233333333   0.196817326569   0.113870437171
1.026   0.200531525459   0.116200386959
1.02966666667   0.246536487616   0.103404379549
1.03333333333   0.184085035011   0.124051240187
1.037   0.238286444807   0.107486287436
1.04066666667   0.263129369143   0.104422076807
1.04433333333   0.261977927704   0.105578021793
1.048   0.17113750636   0.130489349353
1.05166666667   0.22768677813   0.114457594609
1.05533333333   0.190766341083   0.128285563717
1.059   0.278293727719   0.105810366516
1.06266666667   0.270848518245   0.10967335844
1.06633333333   0.232494009735   0.11931931404
1.07   0.222153762797   0.124785763498
1.07366666667   0.189225997451   0.133009386232
1.07733333333   0.196504759902   0.130571447961
1.081   0.197871381955   0.134451212548
1.08466666667   0.158450738384   0.156620827334
1.08833333333   0.164158709307   0.154234934884
1.092   0.15982359087   0.158889845616
1.09566666667   0.150502883809   0.161275803602
1.09933333333   0.227531859224   0.130285400084
1.103   0.176198449706   0.150225647107
1.10666666667   0.258308759746   0.124915501021
1.11033333333   0.181435633219   0.150299393703
1.114   0.22884210375   0.131727431895
1.11766666667   0.224842383226   0.135571496426
1.12133333333   0.216945297038   0.139390907491
1.125   0.338190829961   0.115661853429
1.12866666667   0.236928107602   0.138126435147
1.13233333333   0.315374540306   0.119199771844
1.136   0.28924904047   0.124575871117
1.13966666667   0.322164807567   0.120783484615
1.14333333333   0.368253324867   0.112300790657
1.147   0.295869297949   0.121249084442
1.15066666667   0.275441460421   0.136128964912
1.15433333333   0.359569050524   0.114536814107
1.158   0.411785528732   0.111117736497
1.16166666667   0.289841809292   0.131388476454
1.16533333333   0.199925989746   0.163486389837
1.169   0.225439758031   0.156084561101
1.17266666667   0.382173140017   0.116982900129
1.17633333333   0.198562720036   0.167610765872
1.18   0.25876081737   0.144583314362
1.18366666667   0.246367811036   0.158127354347
1.18733333333   0.306635060683   0.142285636497
1.191   0.121690620418   0.233301057067
1.19466666667   0.118309302636   0.238849606969
1.19833333333   0.194114397376   0.188579630292
1.202   0.338982641706   0.136613922812
1.20566666667   0.190805783776   0.186617647107
1.20933333333   0.191039200027   0.191585092357
1.213   0.203302410913   0.186007469144
1.21666666667   0.240563816947   0.166677490506
1.22033333333   0.258979638138   0.165728952746
1.224   0.207590143286   0.182619727686
1.22766666667   0.178218629679   0.205765307243
1.23133333333   0.197265570414   0.197334153245
1.235   0.17047124935   0.20929764524
1.23866666667   0.221462792857   0.194735435665
1.24233333333   0.266731972632   0.167498614056
1.246   0.249891602164   0.183694502345
1.24966666667   0.200555359801   0.210773849552
1.25333333333   0.20836007684   0.205633627591
1.257   0.20731185852   0.217597107945
1.26066666667   0.10638854869   0.307397528896
1.26433333333   0.187054504017   0.224540643631
1.268   0.220905383294   0.207150786143
1.27166666667   0.196229019024   0.214776599775
1.27533333333   0.166408448193   0.247306441096
1.279   0.20710373975   0.22091764116
1.28266666667   0.288687435599   0.183329854518
1.28633333333   0.236806401639   0.220003167121
1.29   0.190635892478   0.238168338064
1.29366666667   0.192290425598   0.26298788021
1.29733333333   0.0482792026299   0.525994964143
1.301   0.0486461296434   0.526208315856
1.30466666667   0.0490120735694   0.526421377145
1.30833333333   0.0493772028274   0.52663424457
1.312   0.0497416559872   0.526846994339
1.31566666667   0.0501055620015   0.527059698367
1.31933333333   0.0504690313025   0.52727242571
1.323   0.0508321612522   0.527485228566
1.32666666667   0.0511950364106   0.527698152527
1.33033333333   0.0515577443847   0.52791128794
1.334   0.0519203426766   0.52812457685
1.33766666667   0.0522829089025   0.528338152092
1.34133333333   0.0526454946538   0.528552009166
1.345   0.0530081514015   0.528766187005
1.34866666667   0.0533709541053   0.52898069328
1.35233333333   0.0537338834758   0.529195606774
1.356   0.0540970187785   0.529410926315
1.35966666667   0.0544604301716   0.529626635069
1.36333333333   0.0548241012358   0.529842803934
1.367   0.0551880692984   0.530059456596
1.37066666667   0.0555523870504   0.530276579295
1.37433333333   0.0559170677809   0.530494193301
1.378   0.0562821312913   0.530712312444
1.38166666667   0.0566476132833   0.530930975795
1.38533333333   0.0570135281224   0.531150183479
1.389   0.057379882281   0.531369935137
1.39266666667   0.0577467199831   0.531590259746
1.39633333333   0.0581140436422   0.531811182498
0.3   0.146471881277   1.85849342965e-21
0.303666666667   0.0236111602263   8.02073144055e-21
0.307333333333   0.0228687637543   1.54539729403e-21
0.311   0.00513422153003   6.97687413911e-27
0.314666666667   0.0403478681706   2.85764407102e-22
0.318333333333   0.00841822456076   1.66768458487e-21
0.322   0.024205485254   4.83805240878e-24
0.325666666667   0.0269653995205   8.12748875769e-24
0.329333333333   0.133676692543   5.21065349308e-22
0.333   0.0007714482102   7.276131238e-27
0.336666666667   0.040751337655   9.54020289251e-24
0.340333333333   0.0635631974734   4.55597900746e-26
0.344   0.00256714763113   1.32727072378e-27
0.347666666667   0.0214801622673   1.24904217685e-23
0.351333333333   0.000941826298072   1.29606283908e-23
0.355   0.109368625001   6.20110078818e-26
0.358666666667   0.00102081831733   2.75312887625e-29
0.362333333333   0.134966431592   1.74963480811e-24
0.366   0.00573547496192   1.89987323384e-26
0.369666666667   0.0149892342502   2.66681209356e-23
0.373333333333   0.281823031558   6.27247678318e-27
0.377   0.00327849697597   3.41826003165e-26
0.380666666667   0.0132515740948   4.58047421117e-25
0.384333333333   0.0120656976848   2.33147967501e-23
0.388   0.0137960449026   1.66366475764e-21
0.391666666667   0.00511193165505   4.2400809161e-25
0.395333333333   0.00236714795608   3.84184467099e-22
0.399   0.0719429493139   3.44307518095e-26
0.402666666667   0.000270732579664   1.92576400843e-26
0.406333333333   0.000918298033451   1.60068873668e-26
0.41   0.150607917581   6.04014735013e-25
0.413666666667   0.0312300196233   9.44430017701e-25
0.417333333333   0.0629775058966   3.72038412589e-27
0.421   0.00510799573663   3.0688872818e-29
0.424666666667   0.00579432398767   4.58471736232e-24
0.428333333333   0.0217772926242   1.41818179762e-24
0.432   0.00411223291304   1.23690676994e-25
0.435666666667   0.29657288801   3.33870159865e-25
0.439333333333   0.19868423026   7.94134612458e-24
0.443   0.0107691490809   1.16044077794e-25
0.446666666667   0.0378697305669   1.20053769281e-23
0.450333333333   0.355858572409   2.6211646195e-25
0.454   0.0207636680397   2.36925715868e-27
0.457666666667   0.0195053081435   2.48019819163e-21
0.461333333333   0.0100190635223   6.18380768866e-22
0.465   0.0111268847964   1.64767424139e-21
0.468666666667   0.117114496473   1.26596598393e-24
0.472333333333   0.0289073357594   1.47663181534e-25
0.476   0.00544774421417   1.39872165681e-23
0.479666666667   0.000968868471224   4.27649389862e-25
0.483333333333   0.00103582865915   4.84732132989e-22
0.487   0.00151477397225   2.25941601747e-26
0.490666666667   0.000700151008018   1.72942744869e-26
0.494333333333   0.000647068845428   1.35689987843e-26
0.498   0.0107364208059   1.95903621858e-24
0.501666666667   0.000487190543143   2.18439198271e-26
0.505333333333   0.000733660870283   2.8381079073e-21
0.509   0.00207108729521   6.40313978927e-24
0.512666666667   0.0546596226846   7.48693872719e-24
0.516333333333   0.00455438176121   1.27039804641e-24
0.52   0.0199416991111   1.63341273061e-24
0.523666666667   0.000438037002101   3.56535892222e-24
0.527333333333   0.102925761373   6.51036548661e-23
0.531   0.000857869331458   5.60917569555e-24
0.534666666667   0.00510058796117   2.51850959131e-29
0.538333333333   0.0117069029348   5.96666757468e-28
0.542   0.010492472235   3.12535413612e-26
0.545666666667   0.0745162813061   8.95477646033e-22
0.549333333333   0.00768094614899   2.61305737295e-30
0.553   0.00208922072872   4.80671731138e-28
0.556666666667   0.0846267680848   4.13845375186e-24
0.560333333333   0.00316500260111   2.5013287522e-22
0.564   0.175622436573   2.772562685e-21
0.567666666667   0.270756561354   4.74337492676e-25
0.571333333333   0.0748358430471   1.99483185489e-20
0.575   0.259944869286   2.56921343281e-23
0.578666666667   0.0180220682488   7.4368418588e-23
0.582333333333   0.0011706784197   4.30357962891e-24
0.586   0.00259870960422   3.24866406614e-21
0.589666666667   0.0103583523083   1.75971846336e-22
0.593333333333   0.0032367886904   2.23836666659e-26
0.597   0.244452738231   2.96104995577e-23
0.600666666667   0.0152203012512   1.10995533245e-22
0.604333333333   0.000980545055496   2.38470925352e-25
0.608   0.120532395005   1.12020629035e-30
0.611666666667   0.0125508927933   3.92218816029e-23
0.615333333333   0.000691979822878   3.26310008077e-26
0.619   0.117503425729   1.90664945237e-24
0.622666666667   0.00276652550828   3.44976584829e-26
0.626333333333   0.000245018825942   2.75289206068e-23
0.63   0.00353892247592   2.50990763386e-22
0.633666666667   0.018742900915   3.87650339904e-27
0.637333333333   0.086083482538   2.71488910106e-22
0.641   0.240108025366   1.23385915979e-23
0.644666666667   0.0149722810604   2.63233768243e-22
0.648333333333   0.293627241937   4.57350892785e-26
0.652   0.639826294077   1.32395530715e-20
0.655666666667   0.00189963694965   3.1432134503e-24
0.659333333333   0.000368577959923   2.33525294391e-24
0.663   0.000374517590333   3.55227080574e-25
0.666666666667   0.185927762125   8.57303707877e-25
0.670333333333   0.0641370844223   6.8773149631e-23
0.674   0.0644799229077   3.32696716971e-21
0.677666666667   0.00169198509314   1.392250587e-26
0.681333333333   0.414151442839   3.76955190334e-23
0.685   0.0140401918037   3.28039198692e-25
0.688666666667   0.550142183972   7.8384892444e-25
0.692333333333   0.113745358488   6.44959427856e-21
0.696   0.0069703276578   8.62868872238e-22
0.699666666667   0.371432065344   2.02632190633e-23
0.703333333333   0.00138785584813   2.24712722677e-22
0.707   0.00261620206106   2.90853753464e-30
0.710666666667   0.177423685484   1.91716493214e-23
0.714333333333   0.0139834680616   7.48418767461e-29
0.718   0.0627910671417   1.04596741845e-24
0.721666666667   0.108579775694   1.49330792187e-24
0.725333333333   0.510024320475   1.11891123499e-22
0.729   1.11456090829   5.59414666105e-20
0.732666666667   0.178783925771   5.21566467257e-21
0.736333333333   0.654540976187   1.35765289749e-13
0.74   0.532058661797   2.41922133692e-11
0.743666666667   0.369663856507   3.26871307929e-09
0.747333333333   0.226768578525   5.30019631002e-07
0.751   0.129242620929   4.8533889624e-05
0.754666666667   0.105614593953   0.00084557315204
0.758333333333   0.105399139354   0.00368079226863
0.762   0.105226953833   0.00648180737171
0.765666666667   0.105057292389   0.00926103013898
0.769333333333   0.104890470209   0.012015505735
0.773   0.104766695178   0.0147432689692
0.776666666667   0.104605149454   0.0174487564016
0.780333333333   0.104446379048   0.0201304300142
0.784   0.104290322705   0.0227886181623
0.787666666667   0.104136961419   0.0254235723045
0.791333333333   0.103947694601   0.0280396214784
0.795   0.103799990841   0.0306293933951
0.798666666667   0.103692818118   0.0331922263578
0.802333333333   0.103549994054   0.0357373239501
0.806   0.103372505632   0.0382657794172
0.809666666667   0.1032351315   0.0407678948911
0.813333333333   0.103100269404   0.0432487709007
0.817   0.103004106588   0.0457028098683
0.820666666667   0.102873858681   0.0481417832583
0.824333333333   0.102710542251   0.0505666582479
0.828   0.102620673953   0.0529587186935
0.831666666667   0.102497686347   0.0553371884739
0.835333333333   0.102377058981   0.0576959526166
0.839   0.10222465402   0.0600423530853
0.842666666667   0.102142828467   0.06235542195
0.846333333333   0.101995753938   0.0646639630372
0.85   0.101917802284   0.0669390125749
0.853666666667   0.101775954937   0.0692106054805
0.857333333333   0.10166941201   0.0714563541925
0.861   0.101565083202   0.0736840564899
0.864666666667   0.101494610407   0.0758858717587
0.868333333333   0.101362977899   0.0780861026936
0.872   0.10126514592   0.0802608708043
0.875666666667   0.101200058365   0.08241010923
0.879333333333   0.101106106649   0.0845505638707
0.883   0.100984337581   0.0866826716221
0.886666666667   0.100924440214   0.0887812478714
0.890333333333   0.100836680012   0.0908718688706
0.894   0.100750941317   0.0929462743761
0.897666666667   0.100638719549   0.0950133381435
0.901333333333   0.10055732749   0.0970559105504
0.905   0.100505681983   0.0990740425956
0.908666666667   0.100427850262   0.101085425902
0.912333333333   0.100324857701   0.103090343684
0.916   0.100278701127   0.105062551881
0.919666666667   0.100895470134   0.106640511073
0.923333333333   0.103875970044   0.10686787597
0.927   0.106779888394   0.107123524486
0.930666666667   0.109671764153   0.107375152623
0.934333333333   0.11257227869   0.107619798951
0.938   0.115437064373   0.107868684326
0.941666666667   0.118303164676   0.108110622197
0.945333333333   0.121081211278   0.108373479362
0.949   0.123928661289   0.108611114433
0.952666666667   0.126597654375   0.109305359528
0.956333333333   0.12874485599   0.110138183834
0.96   0.129557470748   0.111138117886
0.963666666667   0.126653665101   0.115055052308
0.967333333333   0.121211936593   0.119576738932
0.971   0.135670755797   0.11440598422
0.974666666667   0.147670992816   0.110745467477
0.978333333333   0.122979875325   0.123603758668
0.982   0.214191699314   0.0951941234851
0.985666666667   0.216465398904   0.095443323117
0.989333333333   0.223941008374   0.0965113754822
0.993   0.349560512019   0.077085899476
0.996666666667   0.370386483933   0.0721719423984
1.00033333333   0.341284305709   0.0785746030219
1.004   0.339542019797   0.0817128790269
1.00766666667   0.246363592686   0.0961499621529
1.01133333333   0.225588545745   0.101422510177
1.015   0.202517636013   0.109904711568
1.01866666667   0.204307776671   0.109392066944
1.02233333333   0.262272963761   0.0983865271651
1.026   0.248025553368   0.103783582557
1.02966666667   0.158562178866   0.128101149767
1.03333333333   0.239394777218   0.109106923507
1.037   0.235962810275   0.108335959588
1.04066666667   0.230571117374   0.114918528306
1.04433333333   0.356344319386   0.0873155111374
1.048   0.205688470525   0.118900615794
1.05166666667   0.173019667695   0.133752871369
1.05533333333   0.190007208571   0.129009024069
1.059   0.25989574652   0.108953157817
1.06266666667   0.212799839049   0.12236639459
1.06633333333   0.258403008194   0.111672008136
1.07   0.291803082766   0.106690772036
1.07366666667   0.181812069744   0.136393977275
1.07733333333   0.158570875591   0.147826607132
1.081   0.232079990402   0.12319676491
1.08466666667   0.158321517213   0.156656638355
1.08833333333   0.164305742966   0.154191192188
1.092   0.162223519912   0.157245416045
1.09566666667   0.17417346441   0.149769806803
1.09933333333   0.329950196759   0.106128163192
1.103   0.195895074829   0.142170613421
1.10666666667   0.190797157727   0.144203089947
1.11033333333   0.19143576293   0.146887960578
1.114   0.240202799467   0.132267737389
1.11766666667   0.297600226303   0.118884363485
1.12133333333   0.245560846436   0.130982063802
1.125   0.337348302421   0.115818348845
1.12866666667   0.240266910513   0.136749864715
1.13233333333   0.273422558795   0.124893941515
1.136   0.26760422044   0.131057476848
1.13966666667   0.441362962507   0.093550892963
1.14333333333   0.395881711639   0.104847260649
1.147   0.327696687347   0.124279694477
1.15066666667   0.216398937788   0.14969625861
1.15433333333   0.236644940179   0.146435090673
1.158   0.423986022247   0.105288689098
1.16166666667   0.263366150667   0.143291163767
1.16533333333   0.328097243124   0.121311812084
1.169   0.230182531615   0.154346544169
1.17266666667   0.231472700293   0.152247223675
1.17633333333   0.234742400871   0.152115709751
1.18   0.264954484296   0.143205322581
1.18366666667   0.315348190187   0.137267044226
1.18733333333   0.291063763645   0.137726292844
1.191   0.121690660024   0.233301001692
1.19466666667   0.119858975352   0.237025935697
1.19833333333   0.20623038618   0.179718545975
1.202   0.198355934092   0.188124385219
1.20566666667   0.205428907756   0.176683570457
1.20933333333   0.220281057528   0.173963794899
1.213   0.261663553322   0.160151205792
1.21666666667   0.228275831328   0.177995391175
1.22033333333   0.248020138339   0.170660850645
1.224   0.181506104803   0.201692869155
1.22766666667   0.268030309562   0.162620591285
1.23133333333   0.157627668896   0.223377729821
1.235   0.190295202018   0.199707393364
1.23866666667   0.305003698899   0.163375973897
1.24233333333   0.249528033965   0.185150879436
1.246   0.317986953519   0.15753900052
1.24966666667   0.292672676367   0.164881979962
1.25333333333   0.264533596773   0.183530016504
1.257   0.198490989817   0.2093940059
1.26066666667   0.106127840173   0.307748782571
1.26433333333   0.277317662673   0.194539853517
1.268   0.214243223116   0.205217788638
1.27166666667   0.155941050303   0.252198079033
1.27533333333   0.179586618262   0.230649721388
1.279   0.186371478255   0.238002990581
1.28266666667   0.214799470091   0.213337746198
1.28633333333   0.202741932974   0.222484523137
1.29   0.193481809186   0.251798669349
1.29366666667   0.0479111134324   0.525781216356
1.29733333333   0.0482792038724   0.525994964012
1.301   0.0486461277872   0.526208316905
1.30466666667   0.0490120754322   0.526421375016
1.30833333333   0.0493772026632   0.526634248896
1.312   0.0497416559791   0.526846992448
1.31566666667   0.0501055678246   0.527059707122
1.31933333333   0.0504690319195   0.527272422787
1.323   0.0508321576488   0.527485226465
1.32666666667   0.0511950360739   0.527698155946
1.33033333333   0.0515577452079   0.52791125905
1.334   0.0519203427116   0.528124576783
1.33766666667   0.0522829072791   0.528338150834
1.34133333333   0.0526454967346   0.528552009367
1.345   0.0530081470458   0.528766193228
1.34866666667   0.0533709541053   0.52898069328
1.35233333333   0.0537338844749   0.529195605795
1.356   0.0540970286404   0.529410920037
1.35966666667   0.0544604215774   0.52962665409
1.36333333333   0.0548240947538   0.52984281184
1.367   0.0551880674424   0.530059456667
1.37066666667   0.0555523841373   0.530276584803
1.37433333333   0.055917066812   0.530494191997
1.378   0.0562821324496   0.530712315905
1.38166666667   0.0566476130648   0.530930973921
1.38533333333   0.0570135280855   0.531150183407
1.389   0.0573798829271   0.531369934375
1.39266666667   0.0577467165285   0.531590264211
1.39633333333   0.0581140403209   0.531811172803
0.3   0.00166911804392   2.86057571914e-25
0.303666666667   0.00201676688604   2.50826154666e-25
0.307333333333   0.0682698613297   3.01342316323e-25
0.311   0.00901964682673   1.12469637603e-25
0.314666666667   0.137042250224   1.75365754812e-22
0.318333333333   0.0111145588136   7.61887549569e-24
0.322   0.0215406381795   4.09664702898e-26
0.325666666667   0.0196990618143   1.44542643372e-22
0.329333333333   0.18935150992   3.52234581114e-24
0.333   0.02618627436   1.39469304825e-21
0.336666666667   0.0606629613961   1.50956550369e-24
0.340333333333   0.0381933512925   4.74286217379e-24
0.344   0.0221085707985   2.33420726989e-21
0.347666666667   0.00175317356454   4.54978324358e-25
0.351333333333   0.0277020119864   2.98996181786e-23
0.355   0.206899695624   3.29963889324e-23
0.358666666667   0.256804623727   3.56943200705e-23
0.362333333333   0.00190539608969   3.77297647982e-24
0.366   0.353923144041   2.21944826158e-22
0.369666666667   0.00339736149332   3.55183480545e-26
0.373333333333   0.0332947236799   2.83411392275e-24
0.377   0.469924469777   2.55446710231e-24
0.380666666667   0.0251909820804   2.74770863398e-28
0.384333333333   0.0164043930586   1.9210908493e-23
0.388   0.00694394571244   2.19079558418e-23
0.391666666667   0.0290928532326   4.12494430861e-21
0.395333333333   0.0244602802108   1.25316379426e-28
0.399   0.0150706147193   5.02825378038e-23
0.402666666667   0.0117271406279   7.35148983696e-22
0.406333333333   0.0366136993449   5.01264063316e-23
0.41   0.0563995506089   3.55690054876e-22
0.413666666667   0.103845673205   6.97214989095e-22
0.417333333333   0.0151247399667   2.79361556967e-25
0.421   0.125350761025   1.11206849585e-24
0.424666666667   0.0962767534747   1.94534968645e-25
0.428333333333   0.0811998230877   7.68620521861e-24
0.432   0.0027108393579   1.19860247687e-23
0.435666666667   0.00126677825478   5.47796490295e-26
0.439333333333   0.000940771191719   5.51260215216e-27
0.443   0.0586845683648   4.27530127621e-25
0.446666666667   0.289222065219   3.07184027779e-23
0.450333333333   0.00269441588452   1.02528386954e-27
0.454   0.0095793658936   4.51106291252e-24
0.457666666667   0.0677153294229   1.14662109386e-23
0.461333333333   0.000232473997523   5.13207075834e-25
0.465   0.0260278300751   5.16454354193e-24
0.468666666667   0.501264913021   3.34616542377e-21
0.472333333333   0.000557662195042   8.88064951516e-24
0.476   0.00551570916153   3.04751393729e-31
0.479666666667   0.0362886971218   2.62086797546e-25
0.483333333333   0.000679679281268   2.79835630234e-23
0.487   0.0624845640009   1.07419429503e-22
0.490666666667   0.221319632915   2.58793100806e-24
0.494333333333   0.201304129806   1.85343246862e-24
0.498   0.0135671213871   1.47898731041e-23
0.501666666667   0.00391339527674   9.51002140477e-26
0.505333333333   0.00507154893217   3.50279482072e-24
0.509   0.0208969388988   4.54138773326e-25
0.512666666667   0.0160448742783   6.11958276169e-23
0.516333333333   0.00130859448241   5.10222555421e-25
0.52   0.0279654940941   1.882855645e-22
0.523666666667   0.00930119031517   1.74069383267e-25
0.527333333333   0.011210198002   2.86516142938e-23
0.531   0.00275204539384   8.02086247283e-25
0.534666666667   0.00128876264538   8.61590520534e-23
0.538333333333   0.131151708611   1.75677724591e-23
0.542   0.000889074762405   2.91777396098e-27
0.545666666667   0.000705850061749   5.73900942328e-24
0.549333333333   0.00824067762243   4.53597611707e-22
0.553   0.0140064989929   1.82343309305e-23
0.556666666667   0.111696719399   1.56418976989e-22
0.560333333333   0.00310553531222   2.18125642186e-23
0.564   0.0123424954429   8.26546474065e-26
0.567666666667   0.000919932382585   3.49673200496e-21
0.571333333333   0.126284493608   9.46825577237e-24
0.575   5.05450157921e-05   4.032230923e-24
0.578666666667   0.00199817223956   7.44262457859e-22
0.582333333333   0.00204651613266   1.38260160191e-24
0.586   0.00182047857931   1.89139476895e-23
0.589666666667   0.131461314068   1.33434722432e-24
0.593333333333   0.0144674846999   2.70617016084e-21
0.597   0.000913885670432   3.78365698632e-23
0.600666666667   0.300590782301   3.77908806583e-22
0.604333333333   0.233669574562   2.49236779049e-21
0.608   0.000875710435828   1.25464673934e-23
0.611666666667   0.0130020764751   7.19438351386e-26
0.615333333333   0.0488392487825   2.26957821175e-27
0.619   0.249970590928   2.87442996195e-22
0.622666666667   0.00180091709101   1.24307121759e-27
0.626333333333   0.000463922066602   2.04196456839e-23
0.63   0.0201759221543   4.45021390738e-22
0.633666666667   0.00251395203336   3.37557347658e-25
0.637333333333   0.0311592221323   7.72747469524e-24
0.641   0.0019364221871   2.12913739402e-25
0.644666666667   0.000814613702217   1.3492049401e-22
0.648333333333   0.0477369550315   4.44478128843e-22
0.652   0.00100697165765   1.34818568424e-23
0.655666666667   0.00163907552319   9.54260158719e-26
0.659333333333   0.00732875534587   4.94517682721e-24
0.663   0.15934970061   1.88436115709e-23
0.666666666667   0.00167472795462   5.68287539009e-24
0.670333333333   0.00848698169901   1.16942213866e-24
0.674   0.273982218089   1.06228207679e-28
0.677666666667   0.00177758113359   3.06552619877e-24
0.681333333333   0.281489263901   1.29847727548e-24
0.685   0.149585034623   7.66724127436e-24
0.688666666667   0.000715533090452   9.53679665665e-26
0.692333333333   0.190962409567   1.41919665974e-23
0.696   0.00154974234038   5.46781815277e-27
0.699666666667   0.020553631909   2.36426684511e-23
0.703333333333   0.114695413855   7.93244323255e-23
0.707   0.263578428729   1.60397246557e-25
0.710666666667   0.39528185482   7.82606978118e-32
0.714333333333   0.110440545148   3.47937659149e-27
0.718   0.233455878299   5.04622832643e-22
0.721666666667   0.116365429474   1.77194264035e-23
0.725333333333   0.366102125321   2.84962293176e-22
0.729   0.0603115924723   2.24976772708e-22
0.732666666667   4.20583933933   6.54603419025e-17
0.736333333333   0.994620228812   1.93812301294e-13
0.74   0.57858687053   3.11600115768e-11
0.743666666667   0.387640385957   3.9332487343e-09
0.747333333333   0.226644326255   3.44207588604e-07
0.751   0.129208396031   4.70392148832e-05
0.754666666667   0.105840205987   0.000974061170654
0.758333333333   0.105399186892   0.00368037811715
0.762   0.105268172011   0.00648076219579
0.765666666667   0.10509815916   0.00925957680546
0.769333333333   0.104890476058   0.0120155197537
0.773   0.104726488187   0.0147455081145
0.776666666667   0.104605160777   0.0174487669482
0.780333333333   0.104406808166   0.0201334434957
0.784   0.10429032203   0.0227886041947
0.787666666667   0.104136960041   0.0254235703458
0.791333333333   0.103947703948   0.0280396414432
0.795   0.103838243837   0.0306250969496
0.798666666667   0.103654920278   0.0331968201279
0.802333333333   0.103512419389   0.0357422004774
0.806   0.103372511522   0.0382657996175
0.809666666667   0.103235131741   0.0407678822106
0.813333333333   0.103100266194   0.0432487644435
0.817   0.102967899721   0.0457086770434
0.820666666667   0.102873860879   0.0481417951571
0.824333333333   0.102710543198   0.0505666553466
0.828   0.10262067796   0.0529587409921
0.831666666667   0.10249768651   0.0553371847417
0.835333333333   0.102342586166   0.0577028484451
0.839   0.102224660357   0.0600423540287
0.842666666667   0.102109054032   0.06236264518
0.846333333333   0.101995750471   0.064663962049
0.85   0.101884727301   0.0669465466705
0.853666666667   0.10177595177   0.0692105869857
0.857333333333   0.101701774481   0.0714485732688
0.861   0.101597099005   0.0736761497765
0.864666666667   0.101494609254   0.0758858813364
0.868333333333   0.10136297983   0.0780861027626
0.872   0.101265152705   0.0802608759137
0.875666666667   0.101200051268   0.0824101171024
0.879333333333   0.101106107317   0.0845505659377
0.883   0.101014242414   0.0866742075161
0.886666666667   0.100924436649   0.0887812478248
0.890333333333   0.100836667376   0.0908718757606
0.894   0.100722103432   0.0929549224475
0.897666666667   0.100667204961   0.0950046354421
0.901333333333   0.100557330036   0.0970559022663
0.905   0.100505687373   0.0990740419035
0.908666666667   0.100400418641   0.101094232767
0.912333333333   0.100324851142   0.103090344287
0.916   0.100251102655   0.105070817184
0.919666666667   0.100943266674   0.106610685957
0.923333333333   0.103842931853   0.106878517912
0.927   0.106779888394   0.107123524486
0.930666666667   0.109703959098   0.107365835419
0.934333333333   0.112555111   0.107624087563
0.938   0.115459379473   0.107861129628
0.941666666667   0.118303158688   0.108110630087
0.945333333333   0.121081230874   0.108373478996
0.949   0.123887462198   0.108620511473
0.952666666667   0.125586000931   0.109389788476
0.956333333333   0.126292819625   0.111097220162
0.96   0.132223920278   0.109974029467
0.963666666667   0.126688316561   0.115043748667
0.967333333333   0.125902771697   0.117455293012
0.971   0.12988642333   0.117329090452
0.974666666667   0.153713903684   0.109479742678
0.978333333333   0.166241706124   0.106278757721
0.982   0.198545139124   0.0990802410496
0.985666666667   0.232851363942   0.0923628834681
0.989333333333   0.194000624208   0.104247453835
0.993   0.198346679697   0.108091746467
0.996666666667   0.26877539307   0.0925064827301
1.00033333333   0.45587627091   0.0659259072149
1.004   0.32414303061   0.0838514689377
1.00766666667   0.246429409754   0.0961419550721
1.01133333333   0.306406084806   0.0860155237085
1.015   0.192671934622   0.112804805797
1.01866666667   0.250812764502   0.0997964945943
1.02233333333   0.261987480328   0.0975963696252
1.026   0.169374124783   0.124684326475
1.02966666667   0.502296295033   0.0672044506412
1.03333333333   0.2017625725   0.115265231765
1.037   0.283079329583   0.0989138896713
1.04066666667   0.272809478592   0.0987503435848
1.04433333333   0.180236519183   0.127281146995
1.048   0.195871211005   0.123360828694
1.05166666667   0.195642071288   0.125513905132
1.05533333333   0.269993213864   0.106712741429
1.059   0.334976367188   0.0942952967112
1.06266666667   0.166509278706   0.138638931991
1.06633333333   0.236210773191   0.115850923549
1.07   0.229680965789   0.121678393608
1.07366666667   0.198652598349   0.129518496716
1.07733333333   0.30037696557   0.106337665
1.081   0.172747442858   0.147547943763
1.08466666667   0.158463436721   0.156613784584
1.08833333333   0.164156173508   0.154235402475
1.092   0.162190924642   0.1575015262
1.09566666667   0.213901746911   0.130519822271
1.09933333333   0.18205479848   0.148567772454
1.103   0.220539417561   0.133303195369
1.10666666667   0.184637409081   0.144849163557
1.11033333333   0.191163547764   0.142746318389
1.114   0.204374161191   0.142013158286
1.11766666667   0.184968912896   0.145596938112
1.12133333333   0.259021058875   0.127265078268
1.125   0.320563022546   0.117161290313
1.12866666667   0.315641479119   0.116117935404
1.13233333333   0.314274028375   0.118342589533
1.136   0.305316468272   0.118202166626
1.13966666667   0.597556039965   0.0774741976742
1.14333333333   0.343905726434   0.115313291449
1.147   0.384093320307   0.111154710954
1.15066666667   0.367282080887   0.107214416808
1.15433333333   0.31768328798   0.130500853364
1.158   0.347403767528   0.117659061156
1.16166666667   0.232493749079   0.149998571382
1.16533333333   0.36607168303   0.110838825395
1.169   0.2644564791   0.142414514624
1.17266666667   0.285836133782   0.132558526835
1.17633333333   0.269785249532   0.14174116018
1.18   0.375817956437   0.114948490992
1.18366666667   0.31158244374   0.127051379301
1.18733333333   0.218668940454   0.170595629159
1.191   0.121759180005   0.233254662005
1.19466666667   0.119248433207   0.237774833408
1.19833333333   0.179156831585   0.189400373927
1.202   0.18359854547   0.199888779307
1.20566666667   0.27279103165   0.151819177908
1.20933333333   0.302810767219   0.142702860661
1.213   0.219119441384   0.177461939131
1.21666666667   0.184763696582   0.197036651719
1.22033333333   0.246898961569   0.162256324032
1.224   0.261836432351   0.157958090125
1.22766666667   0.219622742249   0.191015260115
1.23133333333   0.242617683917   0.179954077231
1.235   0.247817586346   0.167634147186
1.23866666667   0.236707054103   0.179902446338
1.24233333333   0.281530004262   0.171900255826
1.246   0.222959107495   0.191974479007
1.24966666667   0.260122545106   0.180728453431
1.25333333333   0.301243784705   0.174123669151
1.257   0.228577777495   0.211465768718
1.26066666667   0.106041522607   0.307898237355
1.26433333333   0.232266891778   0.20358048082
1.268   0.175791412858   0.238843440124
1.27166666667   0.243179764771   0.1985458425
1.27533333333   0.225690485967   0.204230691879
1.279   0.240571159137   0.198072183018
1.28266666667   0.246753414714   0.22236364923
1.28633333333   0.18023231942   0.25952203618
1.29   0.189221799284   0.249846289971
1.29366666667   0.0467678563252   0.528494319551
1.29733333333   0.0482792006152   0.52599495979
1.301   0.0486461301309   0.526208313994
1.30466666667   0.049012072226   0.526421376414
1.30833333333   0.0493772034469   0.526634243742
1.312   0.0497416566573   0.526846990497
1.31566666667   0.0501055678767   0.527059707062
1.31933333333   0.0504690313311   0.527272424438
1.323   0.0508321604913   0.527485226065
1.32666666667   0.0511950340692   0.527698160581
1.33033333333   0.0515577443847   0.52791128794
1.334   0.0519203426766   0.52812457685
1.33766666667   0.0522829063725   0.52833814939
1.34133333333   0.0526454917981   0.528552012705
1.345   0.05300814709   0.528766193286
1.34866666667   0.0533709541053   0.52898069328
1.35233333333   0.0537338791795   0.52919561744
1.356   0.0540970315163   0.529410915203
1.35966666667   0.0544604301716   0.529626635069
1.36333333333   0.0548240968441   0.529842813064
1.367   0.0551880708343   0.530059452
1.37066666667   0.0555523875854   0.530276564555
1.37433333333   0.055917067788   0.53049419327
1.378   0.0562821314278   0.530712308966
1.38166666667   0.0566476095389   0.530930970076
1.38533333333   0.057013520291   0.531150172244
1.389   0.0573798813598   0.531369930226
1.39266666667   0.0577467219178   0.531590269172
1.39633333333   0.0581140436944   0.531811182386
