4.00004118473 0.2032
4.00004118473 0.20319
4.00004118473 0.20318
4.00004118473 0.20317
4.00004118473 0.20316
4.00004118473 0.20315
4.00004118473 0.20314
4.00004118473 0.20313
4.00004118473 0.20312
4.00004118473 0.20311
4.00004118473 0.2031
4.00004118473 0.20309
4.00004118473 0.20308
4.00004118473 0.20307
4.00004118473 0.20306
4.00004118473 0.20305
4.00004118473 0.20304
4.00004118473 0.20303
4.00004118473 0.20302
4.00004118473 0.20301
4.00004118473 0.203
4.00004118473 0.20299
4.00004118473 0.20298
4.00004118473 0.20297
4.00004118473 0.20296
4.00004118473 0.20295
4.00004118473 0.20294
4.00004118473 0.20293
4.00004118473 0.20292
4.00004118473 0.20291
4.00004118473 0.2029
4.00004118473 0.20289
4.00004118473 0.20288
4.00004118473 0.20287
4.00004118473 0.20286
4.00004118473 0.20285
4.00004118473 0.20284
4.00004118473 0.20283
4.00004118473 0.20282
4.00004118473 0.20281
4.00004118473 0.2028
4.00004118473 0.20279
4.00004118473 0.20278
4.00004118473 0.20277
4.00004118473 0.20276
4.00004118473 0.20275
4.00004118473 0.20274
4.00004118473 0.20273
4.00004118473 0.20272
4.00004118473 0.20271
4.00004118473 0.2027
4.00004118473 0.20269
4.00004118473 0.20268
4.00004118473 0.20267
4.00004118473 0.20266
4.00004118473 0.20265
4.00004118473 0.20264
4.00004118473 0.20263
4.00004118473 0.20262
4.00004118473 0.20261
4.00004118473 0.2026
4.00004118473 0.20259
4.00004118473 0.20258
4.00004118473 0.20257
4.00004118473 0.20256
4.00004118473 0.20255
4.00004118473 0.20254
4.00004118473 0.20253
4.00004118473 0.20252
4.00004118473 0.20251
4.00004118473 0.2025
4.00004118473 0.20249
4.00004118473 0.20248
4.00004118473 0.20247
4.00004118473 0.20246
4.00004118473 0.20245
4.00004118473 0.20244
4.00004118473 0.20243
4.00004118473 0.20242
4.00004118473 0.20241
4.00004118473 0.2024
4.00004118473 0.20239
4.00004118473 0.20238
4.00004118473 0.20237
4.00004118473 0.20236
4.00004118473 0.20235
4.00004118473 0.20234
4.00004118473 0.20233
4.00004118473 0.20232
4.00004118473 0.20231
4.00004118473 0.2023
4.00004118473 0.20229
4.00004118473 0.20228
4.00004118473 0.20227
4.00004118473 0.20226
4.00004118473 0.20225
4.00004118473 0.20224
4.00004118473 0.20223
4.00004118473 0.20222
4.00004118473 0.20221
4.00004118473 0.2022
4.00004118473 0.20219
4.00004118473 0.20218
4.00004118473 0.20217
4.00004118473 0.20216
4.00004118473 0.20215
4.00004118473 0.20214
4.00004118473 0.20213
4.00004118473 0.20212
4.00004118473 0.20211
4.00004118473 0.2021
4.00004118473 0.20209
4.00004118473 0.20208
4.00004118473 0.20207
4.00004118473 0.20206
4.00004118473 0.20205
4.00004118473 0.20204
4.00004118473 0.20203
4.00004118473 0.20202
4.00004118473 0.20201
4.00004118473 0.202
4.00004118473 0.20199
4.00004118473 0.20198
4.00004118473 0.20197
4.00004118473 0.20196
4.00004118473 0.20195
4.00004118473 0.20194
4.00004118473 0.20193
4.00004118473 0.20192
4.00004118473 0.20191
4.00004118473 0.2019
4.00004118473 0.20189
4.00004118473 0.20188
4.00004118473 0.20187
4.00004118473 0.20186
4.00004118473 0.20185
4.00004118473 0.20184
4.00004118473 0.20183
4.00004118473 0.20182
4.00004118473 0.20181
