Last position of orbit,   A
-0.02418297  0.          3.46533239  1.         0.225
 0.02481405  0.          2.80860128  1.         0.226
-0.02542456  0.          3.48359501  1.         0.227
 0.02601593  0.          2.79080195  1.         0.228
-0.02658975  0.          3.50096674  1.         0.229
 0.02714685  0.          2.77382731  1.         0.23
-0.02768867  0.          3.51757073  1.         0.231
 0.02821601  0.          2.75756904  1.         0.232
-0.02872976  0.          3.53350512  1.         0.233
 0.02923075  0.          2.74193839  1.         0.234
-0.02971965  0.          3.54884923  1.         0.235
 0.03019715  0.          2.72686485  1.         0.236
-0.03066375  0.          3.56366656  1.         0.237
 0.03112016  0.          2.71229021  1.         0.238
-0.03156681  0.          3.57801232  1.         0.239
 0.03200416  0.          2.6981635   1.         0.24
-0.03243259  0.          3.59192936  1.         0.241
 0.03285258  0.          2.68444575  1.         0.242
-0.03326447  0.          3.60545709  1.         0.243
 0.03366863  0.          2.67109933  1.         0.244
-0.03406535  0.          3.61862997  1.         0.245
 0.03445502  0.          2.65809354  1.         0.246
-0.03483778  0.          3.63147488  1.         0.247
 0.03521399  0.          2.64540295  1.         0.248
-0.03558387  0.          3.64401762  1.         0.249
 0.03594774  0.          2.63300145  1.         0.25
-0.0363057   0.          3.65628136  1.         0.251
 0.03665805  0.          2.62086976  1.         0.252
-0.03700503  0.          3.66828576  1.         0.253
 0.03734664  0.          2.60898977  1.         0.254
-0.03768323  0.          3.68004605  1.         0.255
 0.03801487  0.          2.59734511  1.         0.256
-0.03834181  0.          3.69157915  1.         0.257
 0.0386641   0.          2.58591925  1.         0.258
-0.03898202  0.          3.7029019   1.         0.259
 0.03929565  0.          2.57470058  1.         0.26
-0.03991385  0.          3.7309197   1.         0.261
 0.03855389  0.          2.62090829  1.         0.262
-0.04112512  0.          3.78575318  1.         0.263
 0.03802866  0.          2.65049106  1.         0.264
-0.04181156  0.          3.81477025  1.         0.265
 0.03769015  0.          2.67078293  1.         0.266
-0.04238095  0.          3.83796647  1.         0.267
